1715195751735 1.41753 0
1715195794659 1.19154 1
1715195835194 1.189 2
1715195876305 1.24845 3
1715195917146 1.2692 4
1715195958287 1.27056 5
1715195998475 1.25052 6
1715196038625 1.24189 7
1715196080127 1.22187 8
1715196121484 1.20132 9
1715196164490 1.19376 10
1715196206995 1.22284 11
1715196249794 1.18562 12
1715196291370 1.17913 13
1715196334212 1.17596 14
1715196377168 1.13413 15
1715196420480 1.14327 16
1715196463162 1.14052 17
1715196505305 1.13689 18
1715196547336 1.10845 19
1715196591419 1.12203 20
1715196634092 1.12228 21
1715196673897 1.11934 22
1715196714128 1.09312 23
1715196757276 1.09825 24
1715196797442 1.07953 25
1715196837824 1.09341 26
1715196878781 1.08135 27
1715196921884 1.07293 28
1715196963482 1.07356 29
1715197004009 1.0545 30
1715197044173 1.05153 31
1715197084952 1.04774 32
1715197125847 1.0404 33
1715197167448 1.05324 34
1715197210416 1.02655 35
1715197252442 1.02534 36
1715197293102 1.02325 37
1715197333895 1.01482 38
1715197374646 1.02638 39
1715197416439 1.01581 40
1715197457430 1.01562 41
1715197500148 1.01053 42
1715197542997 1.00136 43
1715197586272 0.99936 44
1715197627064 0.98659 45
1715197670597 0.9897 46
1715197713901 0.96127 47
1715197758249 0.97204 48
1715197800889 0.97751 49
1715197842875 0.97026 50
1715197883173 0.96475 51
1715197924262 0.97162 52
1715197966763 0.96552 53
1715198007460 0.96382 54
1715198049749 0.95528 55
1715198093951 0.95345 56
1715198134863 0.95063 57
1715198176752 0.94907 58
1715198217019 0.92123 59
1715198260923 0.94198 60
1715198304450 0.92964 61
1715198346111 0.93236 62
1715198388084 0.9333 63
1715198430380 0.93852 64
1715198472398 0.93593 65
1715198512856 0.91084 66
1715198553149 0.91108 67
1715198595730 0.92366 68
1715198638054 0.93414 69
1715198679211 0.9237 70
1715198719711 0.91362 71
1715198761670 0.9101 72
1715198804242 0.90285 73
1715198844481 0.90016 74
1715198885798 0.89615 75
1715198927922 0.89417 76
1715198969818 0.88917 77
1715199011475 0.89847 78
1715199053567 0.88733 79
1715199097359 0.88897 80
1715199140219 0.88029 81
1715199182655 0.87279 82
1715199225158 0.88867 83
1715199266520 0.86757 84
1715199309109 0.87262 85
1715199348932 0.86177 86
1715199389310 0.87629 87
1715199431077 0.85277 88
1715199471618 0.84981 89
1715199512160 0.86924 90
1715199553082 0.87477 91
1715199594137 0.86605 92
1715199635165 0.84865 93
1715199676974 0.85978 94
1715199717507 0.8477 95
1715199760675 0.85428 96
1715199802242 0.85455 97
1715199842921 0.83288 98
1715199885110 0.84713 99
1715199928462 0.83086 100
1715199971793 0.84375 101
1715200014189 0.83037 102
1715200056109 0.83343 103
1715200096298 0.81659 104
1715200138223 0.84239 105
1715200179798 0.83016 106
1715200220120 0.82181 107
1715200262126 0.81869 108
1715200304746 0.80409 109
1715200348287 0.82661 110
1715200391840 0.81248 111
1715200435718 0.82022 112
1715200476446 0.81124 113
1715200519926 0.82231 114
1715200563721 0.8117 115
1715200606400 0.8127 116
1715200648537 0.8028 117
1715200689078 0.80959 118
1715200729883 0.81112 119
1715200772360 0.80232 120
1715200815263 0.80542 121
1715200855784 0.79663 122
1715200896503 0.79046 123
1715200938661 0.79977 124
1715200981327 0.78659 125
1715201022732 0.78625 126
1715201065208 0.78199 127
1715201108933 0.77991 128
1715201151548 0.78222 129
1715201192329 0.78094 130
1715201233129 0.77742 131
1715201275729 0.77023 132
1715201318794 0.78392 133
1715201359521 0.77526 134
1715201400234 0.77014 135
1715201443125 0.76219 136
1715201486994 0.7635 137
1715201529108 0.7761 138
1715201571185 0.77717 139
1715201614175 0.77452 140
1715201656466 0.76419 141
1715201697189 0.7631 142
1715201739693 0.76364 143
1715201783237 0.75828 144
1715201826286 0.75962 145
1715201868819 0.76779 146
1715201910914 0.74128 147
1715201952568 0.75822 148
1715201995382 0.74729 149
1715202038095 0.74706 150
1715202078972 0.76365 151
1715202122489 0.74318 152
1715202164144 0.74772 153
1715202207129 0.7485 154
1715202249252 0.73851 155
1715202292935 0.73455 156
1715202335581 0.74838 157
1715202376949 0.74208 158
1715202418429 0.74052 159
1715202461052 0.73457 160
1715202504059 0.73428 161
1715202546182 0.7246 162
1715202588195 0.723 163
1715202629247 0.72363 164
1715202671372 0.71643 165
1715202712974 0.73228 166
1715202753785 0.72135 167
1715202797390 0.72105 168
1715202840065 0.72115 169
1715202881940 0.7287 170
1715202924266 0.72261 171
1715202967454 0.72363 172
1715203010244 0.71898 173
1715203053999 0.71204 174
1715203096011 0.7117 175
1715203139326 0.71394 176
1715203182227 0.71961 177
1715203223661 0.71665 178
1715203269629 0.70193 179
1715203312951 0.70483 180
1715203357482 0.70666 181
1715203400955 0.70575 182
1715203441633 0.71372 183
1715203484526 0.70557 184
1715203527125 0.69648 185
1715203568847 0.70563 186
1715203609551 0.69624 187
1715203654193 0.69699 188
1715203697702 0.7051 189
1715203741127 0.69021 190
1715203785027 0.68577 191
1715203827830 0.69646 192
1715203870080 0.6969 193
1715203913025 0.68576 194
1715203956930 0.69159 195
1715204001361 0.69217 196
1715204043743 0.69017 197
1715204088012 0.68973 198
1715204132191 0.6908 199
1715204177003 0.69236 200
1715204229552 0.67792 201
1715204272624 0.67813 202
1715204315029 0.6823 203
1715204367954 0.6774 204
1715204410721 0.68963 205
1715204452426 0.673 206
1715204494548 0.68009 207
1715204539413 0.66313 208
1715204581773 0.67715 209
1715204622261 0.68686 210
1715204662884 0.6767 211
1715204705309 0.67156 212
1715204748324 0.67305 213
1715204789065 0.67189 214
1715204830134 0.67254 215
1715204872914 0.66654 216
1715204915556 0.65011 217
1715204957173 0.6652 218
1715204999352 0.66781 219
1715205041437 0.66135 220
1715205083285 0.65975 221
1715205126919 0.66138 222
1715205170592 0.6778 223
1715205215272 0.65814 224
1715205259413 0.66229 225
1715205300390 0.66215 226
1715205343031 0.6501 227
1715205384578 0.66164 228
1715205428191 0.64727 229
1715205470955 0.65465 230
1715205514617 0.65122 231
1715205557107 0.64949 232
1715205597888 0.64983 233
1715205642790 0.6514 234
1715205684777 0.64365 235
1715205725772 0.64081 236
1715205768419 0.65315 237
1715205814157 0.63878 238
1715205855972 0.638 239
1715205901273 0.64612 240
1715205945003 0.64042 241
1715205988319 0.63882 242
1715206030072 0.63484 243
1715206081106 0.64357 244
1715206123141 0.64084 245
1715206163307 0.63065 246
1715206204319 0.63461 247
1715206246511 0.63895 248
1715206288481 0.63257 249
1715206331845 0.63071 250
1715206373593 0.63796 251
1715206415815 0.63412 252
1715206465416 0.6387 253
1715206506113 0.63 254
1715206547324 0.63424 255
1715206588580 0.62756 256
1715206631529 0.62767 257
1715206674246 0.61777 258
1715206717018 0.62229 259
1715206761466 0.62548 260
1715206803475 0.63024 261
1715206846241 0.61837 262
1715206889859 0.62298 263
1715206931145 0.60872 264
1715206974213 0.61162 265
1715207017793 0.62006 266
1715207060031 0.614 267
1715207102869 0.62499 268
1715207145621 0.6118 269
1715207186869 0.60749 270
1715207228189 0.61026 271
1715207270478 0.62247 272
1715207312648 0.60765 273
1715207355448 0.60561 274
1715207398363 0.60885 275
1715207441371 0.61366 276
1715207481962 0.59358 277
1715207524938 0.60937 278
1715207568495 0.60544 279
1715207612862 0.60512 280
1715207655297 0.61021 281
1715207697010 0.60648 282
1715207739727 0.59976 283
1715207782928 0.61476 284
1715207825183 0.6034 285
1715207866934 0.60098 286
1715207908280 0.59962 287
1715207951269 0.60547 288
1715207993212 0.60882 289
1715208034715 0.59044 290
1715208076793 0.59173 291
1715208120648 0.59404 292
1715208165441 0.60098 293
1715208205972 0.5946 294
1715208246232 0.59322 295
1715208289645 0.58916 296
1715208332194 0.59615 297
1715208373804 0.58774 298
1715208415085 0.5871 299
1715208457895 0.5902 300
1715208500660 0.59579 301
1715208544517 0.58635 302
1715208586446 0.5788 303
1715208630290 0.59065 304
1715208671034 0.58287 305
1715208713596 0.59182 306
1715208754545 0.57601 307
1715208796834 0.57899 308
1715208839210 0.58166 309
1715208880732 0.58004 310
1715208922512 0.58773 311
1715208965681 0.57941 312
1715209006665 0.58246 313
1715209048557 0.573 314
1715209090540 0.57546 315
1715209132692 0.57284 316
1715209175358 0.57438 317
1715209215792 0.56953 318
1715209257092 0.57624 319
1715209300328 0.56767 320
1715209342649 0.56855 321
1715209383363 0.57426 322
1715209423635 0.5638 323
1715209465305 0.56285 324
1715209507478 0.56017 325
1715209550910 0.56067 326
1715209593055 0.55781 327
1715209636519 0.57577 328
1715209679066 0.56428 329
1715209720987 0.56722 330
1715209763046 0.56104 331
1715209806597 0.56603 332
1715209848755 0.56289 333
1715209888868 0.56858 334
1715209929871 0.55969 335
1715209972265 0.56038 336
1715210015613 0.55863 337
1715210056169 0.55387 338
1715210096557 0.55775 339
1715210137463 0.55747 340
1715210179089 0.55904 341
1715210220698 0.55548 342
1715210260350 0.55057 343
1715210302266 0.53946 344
1715210343414 0.5541 345
1715210387092 0.54589 346
1715210430433 0.54405 347
1715210472922 0.55746 348
1715210516121 0.54705 349
1715210557122 0.54515 350
1715210599186 0.5449 351
1715210642030 0.54195 352
1715210685087 0.54147 353
1715210727140 0.54463 354
1715210770657 0.5453 355
1715210814723 0.53187 356
1715210856910 0.53986 357
1715210901053 0.53705 358
1715210944580 0.52866 359
1715210986855 0.54268 360
1715211029127 0.53223 361
1715211073333 0.54049 362
1715211116062 0.52777 363
1715211158332 0.53169 364
1715211201184 0.53102 365
1715211243592 0.53852 366
1715211285917 0.53091 367
1715211328977 0.53065 368
1715211370379 0.53575 369
1715211411262 0.53759 370
1715211451989 0.53509 371
1715211493795 0.52311 372
1715211536751 0.5309 373
1715211601620 0.52497 374
1715211645219 0.52254 375
1715211687638 0.52994 376
1715211728545 0.52595 377
1715211770717 0.52318 378
1715211812706 0.52278 379
1715211855324 0.52478 380
1715211896822 0.51091 381
1715211939249 0.52143 382
1715211981745 0.51931 383
1715212024379 0.52408 384
1715212065479 0.51494 385
1715212108006 0.51425 386
1715212150341 0.51431 387
1715212193496 0.50835 388
1715212236754 0.52179 389
1715212278207 0.51064 390
1715212319723 0.50867 391
1715212363252 0.50849 392
1715212419692 0.50852 393
1715212475079 0.51477 394
1715212515804 0.51658 395
1715212556168 0.50682 396
1715212598059 0.51585 397
1715212641428 0.50697 398
1715212682501 0.50301 399
1715212726978 0.5151 400
1715212770015 0.51142 401
1715212810787 0.5064 402
1715212851299 0.51092 403
1715212894183 0.50722 404
1715212935430 0.50387 405
1715212975983 0.50008 406
1715213017110 0.50457 407
1715213059542 0.50593 408
1715213102337 0.50791 409
1715213145937 0.50304 410
1715213188059 0.50579 411
1715213232971 0.47833 412
1715213274317 0.49082 413
1715213316470 0.49289 414
1715213358421 0.50998 415
1715213402709 0.48858 416
1715213453072 0.49799 417
1715213494981 0.496 418
1715213537231 0.48683 419
1715213582904 0.49374 420
1715213624876 0.49428 421
1715213668286 0.49425 422
1715213712059 0.49024 423
1715213755104 0.48798 424
1715213796503 0.48407 425
1715213840056 0.49562 426
1715213883775 0.49 427
1715213928182 0.47879 428
1715213970393 0.4895 429
1715214013081 0.48479 430
1715214055464 0.4931 431
1715214099157 0.48188 432
1715214142549 0.48065 433
1715214183163 0.47954 434
1715214223706 0.48523 435
1715214264395 0.47186 436
1715214305368 0.47832 437
1715214347428 0.4918 438
1715214389498 0.4753 439
1715214431160 0.47282 440
1715214473632 0.47431 441
1715214514853 0.47045 442
1715214556482 0.47443 443
1715214599568 0.47278 444
1715214640865 0.47256 445
1715214682321 0.47353 446
1715214723828 0.47985 447
1715214765320 0.47167 448
1715214806287 0.46445 449
1715214847422 0.47279 450
1715214889799 0.46607 451
1715214932731 0.46788 452
1715214973809 0.46242 453
1715215016032 0.46781 454
1715215057235 0.47415 455
1715215100689 0.46649 456
1715215142500 0.47076 457
1715215183051 0.46412 458
1715215223703 0.47339 459
1715215265368 0.4589 460
1715215307589 0.47567 461
1715215349848 0.4652 462
1715215391954 0.46042 463
1715215436080 0.45188 464
1715215479712 0.45366 465
1715215520954 0.45173 466
1715215561714 0.45637 467
1715215608445 0.46313 468
1715215649152 0.45817 469
1715215690755 0.45434 470
1715215731546 0.44867 471
1715215773199 0.45232 472
1715215815311 0.45199 473
1715215859031 0.45572 474
