1715195751735 2.88271 0
1715195794659 1.49974 1
1715195835194 1.27547 2
1715195876305 1.22529 3
1715195917146 1.17959 4
1715195958287 1.13932 5
1715195998475 1.06586 6
1715196038625 1.02097 7
1715196080127 1.01025 8
1715196121484 0.95915 9
1715196164490 0.94969 10
1715196206995 0.94104 11
1715196249794 0.91461 12
1715196291370 0.90372 13
1715196334212 0.89481 14
1715196377168 0.86781 15
1715196420480 0.85031 16
1715196463162 0.84942 17
1715196505305 0.84086 18
1715196547336 0.81964 19
1715196591419 0.8279 20
1715196634092 0.80647 21
1715196673897 0.81343 22
1715196714128 0.79563 23
1715196757276 0.78695 24
1715196797442 0.76262 25
1715196837824 0.77626 26
1715196878781 0.75665 27
1715196921884 0.7539 28
1715196963482 0.75463 29
1715197004009 0.73709 30
1715197044173 0.73091 31
1715197084952 0.72571 32
1715197125847 0.71148 33
1715197167448 0.72643 34
1715197210416 0.69163 35
1715197252442 0.70014 36
1715197293102 0.69562 37
1715197333895 0.68829 38
1715197374646 0.68832 39
1715197416439 0.67724 40
1715197457430 0.69375 41
1715197500148 0.6768 42
1715197542997 0.66082 43
1715197586272 0.65782 44
1715197627064 0.6568 45
1715197670597 0.64308 46
1715197713901 0.63444 47
1715197758249 0.64525 48
1715197800889 0.64908 49
1715197842875 0.64125 50
1715197883173 0.63801 51
1715197924262 0.64306 52
1715197966763 0.62941 53
1715198007460 0.6249 54
1715198049749 0.62529 55
1715198093951 0.62525 56
1715198134863 0.61473 57
1715198176752 0.61311 58
1715198217019 0.59954 59
1715198260923 0.61248 60
1715198304450 0.61509 61
1715198346111 0.607 62
1715198388084 0.59396 63
1715198430380 0.6045 64
1715198472398 0.59518 65
1715198512856 0.58654 66
1715198553149 0.57689 67
1715198595730 0.59356 68
1715198638054 0.59677 69
1715198679211 0.58078 70
1715198719711 0.58019 71
1715198761670 0.57423 72
1715198804242 0.58105 73
1715198844481 0.57644 74
1715198885798 0.55966 75
1715198927922 0.56357 76
1715198969818 0.55998 77
1715199011475 0.55679 78
1715199053567 0.55837 79
1715199097359 0.55597 80
1715199140219 0.55674 81
1715199182655 0.55761 82
1715199225158 0.55379 83
1715199266520 0.55194 84
1715199309109 0.55586 85
1715199348932 0.54888 86
1715199389310 0.54855 87
1715199431077 0.53734 88
1715199471618 0.53109 89
1715199512160 0.53449 90
1715199553082 0.54961 91
1715199594137 0.53245 92
1715199635165 0.53133 93
1715199676974 0.53094 94
1715199717507 0.53404 95
1715199760675 0.53443 96
1715199802242 0.52013 97
1715199842921 0.51661 98
1715199885110 0.52968 99
1715199928462 0.51212 100
1715199971793 0.51339 101
1715200014189 0.51565 102
1715200056109 0.51259 103
1715200096298 0.50648 104
1715200138223 0.52001 105
1715200179798 0.50617 106
1715200220120 0.50386 107
1715200262126 0.50917 108
1715200304746 0.50268 109
1715200348287 0.50438 110
1715200391840 0.50432 111
1715200435718 0.50375 112
1715200476446 0.49227 113
1715200519926 0.50551 114
1715200563721 0.50515 115
1715200606400 0.49972 116
1715200648537 0.48971 117
1715200689078 0.49342 118
1715200729883 0.48517 119
1715200772360 0.48511 120
1715200815263 0.49252 121
1715200855784 0.48343 122
1715200896503 0.4818 123
1715200938661 0.47833 124
1715200981327 0.48242 125
1715201022732 0.48017 126
1715201065208 0.48209 127
1715201108933 0.47553 128
1715201151548 0.47379 129
1715201192329 0.46806 130
1715201233129 0.47737 131
1715201275729 0.46393 132
1715201318794 0.47648 133
1715201359521 0.46989 134
1715201400234 0.4724 135
1715201443125 0.46056 136
1715201486994 0.46403 137
1715201529108 0.46603 138
1715201571185 0.47651 139
1715201614175 0.47331 140
1715201656466 0.46409 141
1715201697189 0.47052 142
1715201739693 0.46365 143
1715201783237 0.46468 144
1715201826286 0.46598 145
1715201868819 0.46114 146
1715201910914 0.45472 147
1715201952568 0.45573 148
1715201995382 0.45018 149
1715202038095 0.44841 150
1715202078972 0.46222 151
1715202122489 0.45398 152
1715202164144 0.45372 153
1715202207129 0.44737 154
1715202249252 0.44475 155
1715202292935 0.44921 156
1715202335581 0.44291 157
1715202376949 0.45478 158
1715202418429 0.44871 159
1715202461052 0.44261 160
1715202504059 0.44041 161
1715202546182 0.43855 162
1715202588195 0.43229 163
1715202629247 0.43859 164
1715202671372 0.4367 165
1715202712974 0.44147 166
1715202753785 0.4381 167
1715202797390 0.43822 168
1715202840065 0.43388 169
1715202881940 0.44646 170
1715202924266 0.434 171
1715202967454 0.43831 172
1715203010244 0.43388 173
1715203053999 0.43983 174
1715203096011 0.4346 175
1715203139326 0.42938 176
1715203182227 0.43421 177
1715203223661 0.43231 178
1715203269629 0.43157 179
1715203312951 0.42787 180
1715203357482 0.41888 181
1715203400955 0.4254 182
1715203441633 0.42773 183
1715203484526 0.42618 184
1715203527125 0.42181 185
1715203568847 0.421 186
1715203609551 0.4125 187
1715203654193 0.42 188
1715203697702 0.43124 189
1715203741127 0.41634 190
1715203785027 0.41396 191
1715203827830 0.41979 192
1715203870080 0.42379 193
1715203913025 0.41569 194
1715203956930 0.41785 195
1715204001361 0.41382 196
1715204043743 0.42036 197
1715204088012 0.41913 198
1715204132191 0.41558 199
1715204177003 0.41326 200
1715204229552 0.40527 201
1715204272624 0.41288 202
1715204315029 0.4082 203
1715204367954 0.40991 204
1715204410721 0.41575 205
1715204452426 0.40791 206
1715204494548 0.41089 207
1715204539413 0.40214 208
1715204581773 0.40393 209
1715204622261 0.41941 210
1715204662884 0.40641 211
1715204705309 0.40383 212
1715204748324 0.4053 213
1715204789065 0.40141 214
1715204830134 0.40432 215
1715204872914 0.40494 216
1715204915556 0.39298 217
1715204957173 0.40177 218
1715204999352 0.40306 219
1715205041437 0.39755 220
1715205083285 0.39889 221
1715205126919 0.39609 222
1715205170592 0.40209 223
1715205215272 0.39516 224
1715205259413 0.39743 225
1715205300390 0.39788 226
1715205343031 0.39178 227
1715205384578 0.39813 228
1715205428191 0.39278 229
1715205470955 0.39181 230
1715205514617 0.38777 231
1715205557107 0.39099 232
1715205597888 0.39389 233
1715205642790 0.39147 234
1715205684777 0.3889 235
1715205725772 0.3895 236
1715205768419 0.38791 237
1715205814157 0.38007 238
1715205855972 0.38344 239
1715205901273 0.38713 240
1715205945003 0.38676 241
1715205988319 0.38963 242
1715206030072 0.38295 243
1715206081106 0.38483 244
1715206123141 0.38341 245
1715206163307 0.37555 246
1715206204319 0.38282 247
1715206246511 0.38669 248
1715206288481 0.38308 249
1715206331845 0.37678 250
1715206373593 0.3851 251
1715206415815 0.37471 252
1715206465416 0.38449 253
1715206506113 0.38554 254
1715206547324 0.3822 255
1715206588580 0.37305 256
1715206631529 0.37502 257
1715206674246 0.37299 258
1715206717018 0.37653 259
1715206761466 0.37868 260
1715206803475 0.37622 261
1715206846241 0.37174 262
1715206889859 0.37351 263
1715206931145 0.36911 264
1715206974213 0.37259 265
1715207017793 0.37844 266
1715207060031 0.36991 267
1715207102869 0.37445 268
1715207145621 0.36783 269
1715207186869 0.36757 270
1715207228189 0.36897 271
1715207270478 0.37127 272
1715207312648 0.36721 273
1715207355448 0.36746 274
1715207398363 0.36625 275
1715207441371 0.36954 276
1715207481962 0.3577 277
1715207524938 0.36219 278
1715207568495 0.3649 279
1715207612862 0.36049 280
1715207655297 0.36178 281
1715207697010 0.36888 282
1715207739727 0.36031 283
1715207782928 0.36761 284
1715207825183 0.3592 285
1715207866934 0.36231 286
1715207908280 0.35885 287
1715207951269 0.36199 288
1715207993212 0.35918 289
1715208034715 0.35617 290
1715208076793 0.35684 291
1715208120648 0.35795 292
1715208165441 0.36436 293
1715208205972 0.35634 294
1715208246232 0.36023 295
1715208289645 0.35351 296
1715208332194 0.35649 297
1715208373804 0.35355 298
1715208415085 0.35375 299
1715208457895 0.35452 300
1715208500660 0.35958 301
1715208544517 0.35311 302
1715208586446 0.34938 303
1715208630290 0.35582 304
1715208671034 0.35342 305
1715208713596 0.35852 306
1715208754545 0.34237 307
1715208796834 0.34498 308
1715208839210 0.34764 309
1715208880732 0.34801 310
1715208922512 0.35064 311
1715208965681 0.34461 312
1715209006665 0.34619 313
1715209048557 0.34197 314
1715209090540 0.3473 315
1715209132692 0.34548 316
1715209175358 0.34475 317
1715209215792 0.33839 318
1715209257092 0.34606 319
1715209300328 0.33879 320
1715209342649 0.3427 321
1715209383363 0.33878 322
1715209423635 0.33759 323
1715209465305 0.33527 324
1715209507478 0.33937 325
1715209550910 0.33844 326
1715209593055 0.33324 327
1715209636519 0.34555 328
1715209679066 0.34197 329
1715209720987 0.34308 330
1715209763046 0.33541 331
1715209806597 0.34142 332
1715209848755 0.33427 333
1715209888868 0.33931 334
1715209929871 0.33578 335
1715209972265 0.33547 336
1715210015613 0.34171 337
1715210056169 0.33506 338
1715210096557 0.33235 339
1715210137463 0.33923 340
1715210179089 0.33913 341
1715210220698 0.33268 342
1715210260350 0.33203 343
1715210302266 0.32633 344
1715210343414 0.33737 345
1715210387092 0.32815 346
1715210430433 0.32845 347
1715210472922 0.33753 348
1715210516121 0.32671 349
1715210557122 0.32337 350
1715210599186 0.3259 351
1715210642030 0.32866 352
1715210685087 0.33157 353
1715210727140 0.32718 354
1715210770657 0.32738 355
1715210814723 0.32505 356
1715210856910 0.3255 357
1715210901053 0.32343 358
1715210944580 0.32097 359
1715210986855 0.323 360
1715211029127 0.31983 361
1715211073333 0.32492 362
1715211116062 0.31901 363
1715211158332 0.32185 364
1715211201184 0.3205 365
1715211243592 0.32449 366
1715211285917 0.31828 367
1715211328977 0.31712 368
1715211370379 0.3212 369
1715211411262 0.31819 370
1715211451989 0.32537 371
1715211493795 0.31627 372
1715211536751 0.32133 373
1715211601620 0.31916 374
1715211645219 0.31613 375
1715211687638 0.32126 376
1715211728545 0.31628 377
1715211770717 0.3093 378
1715211812706 0.3107 379
1715211855324 0.3147 380
1715211896822 0.31236 381
1715211939249 0.31485 382
1715211981745 0.31334 383
1715212024379 0.31762 384
1715212065479 0.317 385
1715212108006 0.30886 386
1715212150341 0.30973 387
1715212193496 0.31138 388
1715212236754 0.31451 389
1715212278207 0.31268 390
1715212319723 0.30354 391
1715212363252 0.30727 392
1715212419692 0.30798 393
1715212475079 0.31262 394
1715212515804 0.31491 395
1715212556168 0.30434 396
1715212598059 0.3113 397
1715212641428 0.30144 398
1715212682501 0.30121 399
1715212726978 0.31121 400
1715212770015 0.30744 401
1715212810787 0.30986 402
1715212851299 0.30719 403
1715212894183 0.30509 404
1715212935430 0.30799 405
1715212975983 0.30005 406
1715213017110 0.30289 407
1715213059542 0.30573 408
1715213102337 0.30552 409
1715213145937 0.30417 410
1715213188059 0.30822 411
1715213232971 0.29613 412
1715213274317 0.29718 413
1715213316470 0.29109 414
1715213358421 0.30823 415
1715213402709 0.29759 416
1715213453072 0.3052 417
1715213494981 0.30124 418
1715213537231 0.29395 419
1715213582904 0.30082 420
1715213624876 0.30098 421
1715213668286 0.29454 422
1715213712059 0.29813 423
1715213755104 0.29866 424
1715213796503 0.29826 425
1715213840056 0.29596 426
1715213883775 0.29923 427
1715213928182 0.29129 428
1715213970393 0.29659 429
1715214013081 0.2941 430
1715214055464 0.30167 431
1715214099157 0.29281 432
1715214142549 0.29112 433
1715214183163 0.28937 434
1715214223706 0.29305 435
1715214264395 0.28885 436
1715214305368 0.29179 437
1715214347428 0.29886 438
1715214389498 0.29052 439
1715214431160 0.28581 440
1715214473632 0.28689 441
1715214514853 0.28494 442
1715214556482 0.28858 443
1715214599568 0.28487 444
1715214640865 0.2843 445
1715214682321 0.2867 446
1715214723828 0.28944 447
1715214765320 0.2901 448
1715214806287 0.28413 449
1715214847422 0.28699 450
1715214889799 0.28857 451
1715214932731 0.28364 452
1715214973809 0.28359 453
1715215016032 0.28487 454
1715215057235 0.28446 455
1715215100689 0.28636 456
1715215142500 0.28814 457
1715215183051 0.28449 458
1715215223703 0.28889 459
1715215265368 0.28073 460
1715215307589 0.28919 461
1715215349848 0.283 462
1715215391954 0.283 463
1715215436080 0.27834 464
1715215479712 0.27708 465
1715215520954 0.27427 466
1715215561714 0.27808 467
1715215608445 0.28429 468
1715215649152 0.27799 469
1715215690755 0.27966 470
1715215731546 0.27411 471
1715215773199 0.27773 472
1715215815311 0.27559 473
1715215859031 0.27814 474
