1715195751735 1.59481 0
1715195794659 1.29373 1
1715195835194 1.24101 2
1715195876305 1.26899 3
1715195917146 1.29047 4
1715195958287 1.30116 5
1715195998475 1.28403 6
1715196038625 1.27968 7
1715196080127 1.27206 8
1715196121484 1.25208 9
1715196164490 1.25614 10
1715196206995 1.27352 11
1715196249794 1.24556 12
1715196291370 1.23242 13
1715196334212 1.25074 14
1715196377168 1.22379 15
1715196420480 1.22642 16
1715196463162 1.22356 17
1715196505305 1.22452 18
1715196547336 1.20218 19
1715196591419 1.21807 20
1715196634092 1.21213 21
1715196673897 1.21843 22
1715196714128 1.19872 23
1715196757276 1.20219 24
1715196797442 1.1867 25
1715196837824 1.20276 26
1715196878781 1.18699 27
1715196921884 1.18506 28
1715196963482 1.19173 29
1715197004009 1.17206 30
1715197044173 1.16925 31
1715197084952 1.17787 32
1715197125847 1.16587 33
1715197167448 1.17531 34
1715197210416 1.1626 35
1715197252442 1.1554 36
1715197293102 1.15094 37
1715197333895 1.15279 38
1715197374646 1.15537 39
1715197416439 1.14933 40
1715197457430 1.14787 41
1715197500148 1.1466 42
1715197542997 1.13982 43
1715197586272 1.1412 44
1715197627064 1.13283 45
1715197670597 1.13117 46
1715197713901 1.12278 47
1715197758249 1.12344 48
1715197800889 1.12934 49
1715197842875 1.12548 50
1715197883173 1.1278 51
1715197924262 1.12533 52
1715197966763 1.12104 53
1715198007460 1.11535 54
1715198049749 1.11391 55
1715198093951 1.10582 56
1715198134863 1.1091 57
1715198176752 1.10947 58
1715198217019 1.09703 59
1715198260923 1.10805 60
1715198304450 1.10099 61
1715198346111 1.1015 62
1715198388084 1.0947 63
1715198430380 1.105 64
1715198472398 1.10267 65
1715198512856 1.08568 66
1715198553149 1.09049 67
1715198595730 1.09631 68
1715198638054 1.10124 69
1715198679211 1.09529 70
1715198719711 1.08973 71
1715198761670 1.08744 72
1715198804242 1.08653 73
1715198844481 1.08429 74
1715198885798 1.077 75
1715198927922 1.077 76
1715198969818 1.07668 77
1715199011475 1.07584 78
1715199053567 1.07244 79
1715199097359 1.07537 80
1715199140219 1.0765 81
1715199182655 1.0717 82
1715199225158 1.07043 83
1715199266520 1.07091 84
1715199309109 1.06171 85
1715199348932 1.06211 86
1715199389310 1.06599 87
1715199431077 1.06232 88
1715199471618 1.05646 89
1715199512160 1.06681 90
1715199553082 1.07189 91
1715199594137 1.05941 92
1715199635165 1.05858 93
1715199676974 1.05983 94
1715199717507 1.0554 95
1715199760675 1.05858 96
1715199802242 1.05695 97
1715199842921 1.04991 98
1715199885110 1.05634 99
1715199928462 1.04908 100
1715199971793 1.05332 101
1715200014189 1.04903 102
1715200056109 1.04989 103
1715200096298 1.03902 104
1715200138223 1.04343 105
1715200179798 1.04529 106
1715200220120 1.04592 107
1715200262126 1.03938 108
1715200304746 1.03251 109
1715200348287 1.04013 110
1715200391840 1.03876 111
1715200435718 1.03645 112
1715200476446 1.03727 113
1715200519926 1.04732 114
1715200563721 1.03173 115
1715200606400 1.03996 116
1715200648537 1.03019 117
1715200689078 1.0357 118
1715200729883 1.02771 119
1715200772360 1.02741 120
1715200815263 1.03318 121
1715200855784 1.03013 122
1715200896503 1.02326 123
1715200938661 1.02366 124
1715200981327 1.01968 125
1715201022732 1.02403 126
1715201065208 1.02264 127
1715201108933 1.02383 128
1715201151548 1.02032 129
1715201192329 1.01601 130
1715201233129 1.01687 131
1715201275729 1.0135 132
1715201318794 1.0195 133
1715201359521 1.02026 134
1715201400234 1.02254 135
1715201443125 1.01503 136
1715201486994 1.00981 137
1715201529108 1.02045 138
1715201571185 1.01937 139
1715201614175 1.01586 140
1715201656466 1.00739 141
1715201697189 1.00958 142
1715201739693 1.01417 143
1715201783237 1.01213 144
1715201826286 1.00995 145
1715201868819 1.01183 146
1715201910914 1.00828 147
1715201952568 1.01188 148
1715201995382 1.00392 149
1715202038095 1.00297 150
1715202078972 1.01221 151
1715202122489 1.01113 152
1715202164144 1.00893 153
1715202207129 1.00637 154
1715202249252 0.99948 155
1715202292935 1.0008 156
1715202335581 1.00402 157
1715202376949 1.00579 158
1715202418429 1.00167 159
1715202461052 0.99863 160
1715202504059 1.00111 161
1715202546182 1.00112 162
1715202588195 0.98907 163
1715202629247 0.98798 164
1715202671372 0.99224 165
1715202712974 0.99084 166
1715202753785 0.98322 167
1715202797390 0.99462 168
1715202840065 0.99623 169
1715202881940 0.99768 170
1715202924266 0.98855 171
1715202967454 0.99112 172
1715203010244 0.9893 173
1715203053999 0.98691 174
1715203096011 0.99119 175
1715203139326 0.9867 176
1715203182227 0.98893 177
1715203223661 0.99023 178
1715203269629 0.98292 179
1715203312951 0.98521 180
1715203357482 0.97957 181
1715203400955 0.98806 182
1715203441633 0.98807 183
1715203484526 0.98394 184
1715203527125 0.98529 185
1715203568847 0.9893 186
1715203609551 0.98027 187
1715203654193 0.98221 188
1715203697702 0.98487 189
1715203741127 0.97908 190
1715203785027 0.98052 191
1715203827830 0.98007 192
1715203870080 0.98246 193
1715203913025 0.97875 194
1715203956930 0.97581 195
1715204001361 0.97605 196
1715204043743 0.97977 197
1715204088012 0.98259 198
1715204132191 0.97846 199
1715204177003 0.97818 200
1715204229552 0.975 201
1715204272624 0.97965 202
1715204315029 0.97107 203
1715204367954 0.972 204
1715204410721 0.97563 205
1715204452426 0.97246 206
1715204494548 0.97523 207
1715204539413 0.96001 208
1715204581773 0.9699 209
1715204622261 0.97549 210
1715204662884 0.96502 211
1715204705309 0.96805 212
1715204748324 0.96989 213
1715204789065 0.96685 214
1715204830134 0.96618 215
1715204872914 0.96717 216
1715204915556 0.96036 217
1715204957173 0.96654 218
1715204999352 0.9617 219
1715205041437 0.95936 220
1715205083285 0.96722 221
1715205126919 0.96749 222
1715205170592 0.97146 223
1715205215272 0.96083 224
1715205259413 0.96576 225
1715205300390 0.9606 226
1715205343031 0.96415 227
1715205384578 0.96612 228
1715205428191 0.96084 229
1715205470955 0.95365 230
1715205514617 0.9593 231
1715205557107 0.96197 232
1715205597888 0.96438 233
1715205642790 0.96203 234
1715205684777 0.95769 235
1715205725772 0.95909 236
1715205768419 0.96335 237
1715205814157 0.95332 238
1715205855972 0.95249 239
1715205901273 0.95894 240
1715205945003 0.95406 241
1715205988319 0.95388 242
1715206030072 0.95641 243
1715206081106 0.95676 244
1715206123141 0.95538 245
1715206163307 0.9495 246
1715206204319 0.95639 247
1715206246511 0.96004 248
1715206288481 0.95316 249
1715206331845 0.95581 250
1715206373593 0.95648 251
1715206415815 0.95044 252
1715206465416 0.95907 253
1715206506113 0.95173 254
1715206547324 0.94842 255
1715206588580 0.9536 256
1715206631529 0.95221 257
1715206674246 0.94599 258
1715206717018 0.94414 259
1715206761466 0.95021 260
1715206803475 0.95327 261
1715206846241 0.94789 262
1715206889859 0.94326 263
1715206931145 0.94135 264
1715206974213 0.93959 265
1715207017793 0.95062 266
1715207060031 0.94613 267
1715207102869 0.95059 268
1715207145621 0.94999 269
1715207186869 0.94087 270
1715207228189 0.94568 271
1715207270478 0.94741 272
1715207312648 0.94687 273
1715207355448 0.94371 274
1715207398363 0.94407 275
1715207441371 0.9473 276
1715207481962 0.93608 277
1715207524938 0.94425 278
1715207568495 0.94496 279
1715207612862 0.94102 280
1715207655297 0.94163 281
1715207697010 0.94864 282
1715207739727 0.94604 283
1715207782928 0.94392 284
1715207825183 0.9442 285
1715207866934 0.93546 286
1715207908280 0.94179 287
1715207951269 0.94564 288
1715207993212 0.94646 289
1715208034715 0.9379 290
1715208076793 0.93725 291
1715208120648 0.93751 292
1715208165441 0.94221 293
1715208205972 0.93169 294
1715208246232 0.93288 295
1715208289645 0.93155 296
1715208332194 0.93903 297
1715208373804 0.93472 298
1715208415085 0.93514 299
1715208457895 0.93931 300
1715208500660 0.94178 301
1715208544517 0.936 302
1715208586446 0.93217 303
1715208630290 0.93617 304
1715208671034 0.9382 305
1715208713596 0.94055 306
1715208754545 0.9338 307
1715208796834 0.92963 308
1715208839210 0.93385 309
1715208880732 0.93324 310
1715208922512 0.93508 311
1715208965681 0.9295 312
1715209006665 0.92865 313
1715209048557 0.92959 314
1715209090540 0.93254 315
1715209132692 0.93078 316
1715209175358 0.93348 317
1715209215792 0.9261 318
1715209257092 0.9335 319
1715209300328 0.93175 320
1715209342649 0.92381 321
1715209383363 0.92921 322
1715209423635 0.92702 323
1715209465305 0.9256 324
1715209507478 0.92852 325
1715209550910 0.92496 326
1715209593055 0.92225 327
1715209636519 0.93091 328
1715209679066 0.93042 329
1715209720987 0.92565 330
1715209763046 0.92545 331
1715209806597 0.92887 332
1715209848755 0.92395 333
1715209888868 0.92819 334
1715209929871 0.92042 335
1715209972265 0.92315 336
1715210015613 0.92601 337
1715210056169 0.92053 338
1715210096557 0.92422 339
1715210137463 0.92229 340
1715210179089 0.92359 341
1715210220698 0.91901 342
1715210260350 0.92045 343
1715210302266 0.91648 344
1715210343414 0.92405 345
1715210387092 0.9174 346
1715210430433 0.91847 347
1715210472922 0.92883 348
1715210516121 0.9156 349
1715210557122 0.91225 350
1715210599186 0.9168 351
1715210642030 0.91816 352
1715210685087 0.91742 353
1715210727140 0.91688 354
1715210770657 0.91306 355
1715210814723 0.91045 356
1715210856910 0.9177 357
1715210901053 0.91053 358
1715210944580 0.91628 359
1715210986855 0.9173 360
1715211029127 0.9142 361
1715211073333 0.91469 362
1715211116062 0.90969 363
1715211158332 0.90867 364
1715211201184 0.90909 365
1715211243592 0.91347 366
1715211285917 0.91425 367
1715211328977 0.91071 368
1715211370379 0.91598 369
1715211411262 0.91844 370
1715211451989 0.91879 371
1715211493795 0.90995 372
1715211536751 0.91341 373
1715211601620 0.91084 374
1715211645219 0.9092 375
1715211687638 0.91091 376
1715211728545 0.91375 377
1715211770717 0.90736 378
1715211812706 0.90682 379
1715211855324 0.91216 380
1715211896822 0.91025 381
1715211939249 0.90966 382
1715211981745 0.90535 383
1715212024379 0.91122 384
1715212065479 0.90997 385
1715212108006 0.90776 386
1715212150341 0.91042 387
1715212193496 0.91038 388
1715212236754 0.90908 389
1715212278207 0.9109 390
1715212319723 0.90688 391
1715212363252 0.90998 392
1715212419692 0.90946 393
1715212475079 0.91074 394
1715212515804 0.90913 395
1715212556168 0.90609 396
1715212598059 0.90566 397
1715212641428 0.90492 398
1715212682501 0.90322 399
1715212726978 0.90727 400
1715212770015 0.9097 401
1715212810787 0.90778 402
1715212851299 0.90648 403
1715212894183 0.90134 404
1715212935430 0.90485 405
1715212975983 0.90853 406
1715213017110 0.90303 407
1715213059542 0.90543 408
1715213102337 0.90957 409
1715213145937 0.90553 410
1715213188059 0.90842 411
1715213232971 0.89885 412
1715213274317 0.90272 413
1715213316470 0.89958 414
1715213358421 0.90974 415
1715213402709 0.89815 416
1715213453072 0.90535 417
1715213494981 0.90523 418
1715213537231 0.90041 419
1715213582904 0.90425 420
1715213624876 0.90384 421
1715213668286 0.90589 422
1715213712059 0.9003 423
1715213755104 0.90255 424
1715213796503 0.89616 425
1715213840056 0.89972 426
1715213883775 0.90271 427
1715213928182 0.8961 428
1715213970393 0.8975 429
1715214013081 0.89558 430
1715214055464 0.89877 431
1715214099157 0.90175 432
1715214142549 0.90077 433
1715214183163 0.89445 434
1715214223706 0.89938 435
1715214264395 0.8886 436
1715214305368 0.89747 437
1715214347428 0.90216 438
1715214389498 0.89391 439
1715214431160 0.89093 440
1715214473632 0.89567 441
1715214514853 0.89364 442
1715214556482 0.89345 443
1715214599568 0.89606 444
1715214640865 0.89338 445
1715214682321 0.89758 446
1715214723828 0.89945 447
1715214765320 0.89623 448
1715214806287 0.8909 449
1715214847422 0.89756 450
1715214889799 0.89481 451
1715214932731 0.89401 452
1715214973809 0.88754 453
1715215016032 0.89715 454
1715215057235 0.89519 455
1715215100689 0.8936 456
1715215142500 0.89576 457
1715215183051 0.89304 458
1715215223703 0.89852 459
1715215265368 0.88955 460
1715215307589 0.89862 461
1715215349848 0.89112 462
1715215391954 0.8901 463
1715215436080 0.89164 464
1715215479712 0.88507 465
1715215520954 0.88545 466
1715215561714 0.89002 467
1715215608445 0.8898 468
1715215649152 0.88998 469
1715215690755 0.88625 470
1715215731546 0.88607 471
1715215773199 0.89313 472
1715215815311 0.89072 473
1715215859031 0.89044 474
