1715195761007 0.19901 0
1715195801553 0.38098 1
1715195842429 0.40875 2
1715195883302 0.31206 3
1715195924252 0.16507 4
1715195964844 0.24634 5
1715196005029 0.20323 6
1715196045988 0.431 7
1715196087063 0.28928 8
1715196129722 0.34605 9
1715196172767 0.45426 10
1715196215670 0.45928 11
1715196256878 0.3287 12
1715196299625 0.4125 13
1715196342935 0.52997 14
1715196385950 0.46512 15
1715196428738 0.50727 16
1715196470851 0.47365 17
1715196513198 0.5105 18
1715196556732 0.46707 19
1715196600091 0.49438 20
1715196640490 0.5277 21
1715196680382 0.52543 22
1715196722447 0.51492 23
1715196763474 0.44659 24
1715196803971 0.49954 25
1715196844996 0.55096 26
1715196887409 0.52939 27
1715196929861 0.57213 28
1715196969974 0.54634 29
1715197010501 0.54733 30
1715197051032 0.5582 31
1715197091465 0.55973 32
1715197133178 0.55627 33
1715197176168 0.58614 34
1715197218364 0.57984 35
1715197259190 0.53669 36
1715197299865 0.52234 37
1715197340694 0.57015 38
1715197381979 0.59046 39
1715197422850 0.58694 40
1715197465698 0.55499 41
1715197508786 0.58386 42
1715197551798 0.59854 43
1715197592838 0.58574 44
1715197636435 0.5663 45
1715197679879 0.58571 46
1715197723757 0.5871 47
1715197766871 0.5698 48
1715197808934 0.58791 49
1715197849356 0.58551 50
1715197890040 0.58852 51
1715197932436 0.58332 52
1715197973452 0.56238 53
1715198015499 0.59868 54
1715198059188 0.59785 55
1715198100154 0.60021 56
1715198142751 0.57308 57
1715198183325 0.57025 58
1715198226011 0.57459 59
1715198270058 0.59562 60
1715198312099 0.60824 61
1715198353705 0.55525 62
1715198396013 0.57099 63
1715198438308 0.59203 64
1715198478930 0.59791 65
1715198519388 0.6037 66
1715198560942 0.5932 67
1715198603974 0.58233 68
1715198645111 0.6163 69
1715198685862 0.6049 70
1715198727072 0.60687 71
1715198770266 0.60674 72
1715198810598 0.61538 73
1715198851735 0.60053 74
1715198893443 0.59787 75
1715198935588 0.5908 76
1715198977417 0.60896 77
1715199019706 0.61933 78
1715199062827 0.61801 79
1715199105780 0.6246 80
1715199148314 0.61882 81
1715199190710 0.61282 82
1715199232201 0.61419 83
1715199275233 0.6227 84
1715199315674 0.61325 85
1715199355503 0.60195 86
1715199396769 0.61577 87
1715199437674 0.62327 88
1715199478300 0.62512 89
1715199519138 0.62832 90
1715199559899 0.62259 91
1715199601227 0.62193 92
1715199643045 0.62863 93
1715199683701 0.59919 94
1715199725862 0.62792 95
1715199767996 0.62334 96
1715199808885 0.62141 97
1715199851221 0.62265 98
1715199894078 0.61116 99
1715199937442 0.61766 100
1715199979963 0.6335 101
1715200022487 0.63868 102
1715200062222 0.61473 103
1715200103896 0.63141 104
1715200145894 0.63794 105
1715200186264 0.61987 106
1715200227771 0.63157 107
1715200270291 0.61389 108
1715200313958 0.61666 109
1715200357714 0.6405 110
1715200401422 0.62826 111
1715200441841 0.63647 112
1715200485575 0.63564 113
1715200529195 0.64089 114
1715200572057 0.62151 115
1715200614368 0.63696 116
1715200655074 0.64216 117
1715200695783 0.6462 118
1715200737537 0.63476 119
1715200781058 0.62793 120
1715200821836 0.64255 121
1715200862486 0.63736 122
1715200904096 0.63906 123
1715200946881 0.63657 124
1715200988791 0.6431 125
1715201030922 0.6258 126
1715201074093 0.63937 127
1715201117628 0.64155 128
1715201158047 0.64789 129
1715201198990 0.63648 130
1715201241236 0.63501 131
1715201284225 0.63763 132
1715201325667 0.63627 133
1715201366673 0.62823 134
1715201408764 0.64284 135
1715201452618 0.63527 136
1715201494710 0.6408 137
1715201536924 0.62045 138
1715201578004 0.64102 139
1715201622169 0.64503 140
1715201663268 0.65247 141
1715201705575 0.64219 142
1715201748354 0.64653 143
1715201791970 0.64012 144
1715201834399 0.62867 145
1715201876972 0.65342 146
1715201918138 0.65244 147
1715201961316 0.64256 148
1715202004033 0.63462 149
1715202045087 0.64386 150
1715202085945 0.6183 151
1715202129446 0.64452 152
1715202171867 0.64523 153
1715202214805 0.64236 154
1715202258833 0.64544 155
1715202301345 0.65265 156
1715202342954 0.65047 157
1715202384532 0.64957 158
1715202426702 0.64985 159
1715202469618 0.647 160
1715202512150 0.64839 161
1715202554113 0.64692 162
1715202594955 0.64556 163
1715202637301 0.65498 164
1715202679017 0.64342 165
1715202719696 0.65835 166
1715202763048 0.66359 167
1715202805523 0.66076 168
1715202847820 0.64945 169
1715202890025 0.65683 170
1715202933092 0.64728 171
1715202975808 0.65365 172
1715203019402 0.65723 173
1715203061759 0.65629 174
1715203105111 0.65064 175
1715203148050 0.65129 176
1715203189725 0.64892 177
1715203230786 0.64783 178
1715203278481 0.65286 179
1715203321797 0.65474 180
1715203365201 0.65715 181
1715203407550 0.65506 182
1715203449052 0.65031 183
1715203493211 0.6572 184
1715203533626 0.65709 185
1715203575727 0.6576 186
1715203618241 0.65331 187
1715203663102 0.65716 188
1715203706942 0.65331 189
1715203750792 0.64645 190
1715203793439 0.65258 191
1715203835334 0.65533 192
1715203879264 0.64866 193
1715203922912 0.65562 194
1715203966873 0.65693 195
1715204009065 0.65204 196
1715204053123 0.65747 197
1715204097480 0.66284 198
1715204142355 0.65969 199
1715204185869 0.66013 200
1715204236869 0.65635 201
1715204279624 0.65835 202
1715204323344 0.64072 203
1715204375907 0.64797 204
1715204418181 0.65905 205
1715204460003 0.65732 206
1715204504679 0.66319 207
1715204547413 0.65961 208
1715204588319 0.66272 209
1715204628695 0.65208 210
1715204670168 0.65949 211
1715204713977 0.66135 212
1715204754999 0.66227 213
1715204796226 0.66212 214
1715204838379 0.65674 215
1715204881269 0.65299 216
1715204923103 0.66087 217
1715204965338 0.6607 218
1715205007218 0.66592 219
1715205048481 0.65989 220
1715205092491 0.66846 221
1715205135976 0.66776 222
1715205180153 0.66294 223
1715205224374 0.66388 224
1715205265960 0.65915 225
1715205306878 0.6645 226
1715205350125 0.66186 227
1715205392699 0.65974 228
1715205435836 0.65971 229
1715205478670 0.66297 230
1715205522218 0.666 231
1715205563817 0.66905 232
1715205604744 0.66319 233
1715205649497 0.66831 234
1715205691168 0.66446 235
1715205733491 0.66683 236
1715205777736 0.66459 237
1715205822108 0.67043 238
1715205865411 0.67016 239
1715205910324 0.67437 240
1715205954038 0.67234 241
1715205995849 0.66669 242
1715206037966 0.66282 243
1715206088977 0.65749 244
1715206129503 0.66335 245
1715206170521 0.66151 246
1715206211351 0.66328 247
1715206254034 0.66627 248
1715206297656 0.66598 249
1715206339574 0.66806 250
1715206381383 0.66711 251
1715206424665 0.66542 252
1715206471933 0.66628 253
1715206513388 0.67089 254
1715206554023 0.67393 255
1715206596724 0.66698 256
1715206639572 0.66857 257
1715206682744 0.66783 258
1715206726988 0.66511 259
1715206768817 0.66596 260
1715206811607 0.66888 261
1715206853331 0.66636 262
1715206896814 0.66798 263
1715206939831 0.66515 264
1715206983418 0.6655 265
1715207025474 0.66733 266
1715207068000 0.67009 267
1715207111084 0.67135 268
1715207152821 0.67262 269
1715207193833 0.66762 270
1715207236192 0.66659 271
1715207278109 0.66874 272
1715207320816 0.67051 273
1715207363775 0.66717 274
1715207407295 0.66713 275
1715207447983 0.6637 276
1715207490680 0.66655 277
1715207534224 0.6677 278
1715207578345 0.66384 279
1715207621062 0.66509 280
1715207662876 0.66749 281
1715207705516 0.66218 282
1715207748445 0.66465 283
1715207791400 0.66377 284
1715207832795 0.6691 285
1715207874443 0.67049 286
1715207916565 0.67345 287
1715207959302 0.67105 288
1715208000864 0.67151 289
1715208042748 0.67183 290
1715208085962 0.67209 291
1715208129373 0.67286 292
1715208171958 0.67117 293
1715208212429 0.67051 294
1715208255232 0.67268 295
1715208297920 0.66875 296
1715208339841 0.67224 297
1715208380919 0.66903 298
1715208423301 0.66627 299
1715208466066 0.67014 300
1715208509891 0.67387 301
1715208552434 0.67548 302
1715208595500 0.67357 303
1715208636697 0.67289 304
1715208679126 0.67287 305
1715208720175 0.67387 306
1715208762545 0.67248 307
1715208804926 0.67426 308
1715208846696 0.67479 309
1715208888346 0.67443 310
1715208930658 0.6733 311
1715208972435 0.67239 312
1715209014294 0.67545 313
1715209056319 0.67627 314
1715209097972 0.67836 315
1715209141280 0.67837 316
1715209181698 0.67659 317
1715209222821 0.67847 318
1715209266266 0.67917 319
1715209308631 0.6782 320
1715209349041 0.67795 321
1715209389740 0.6784 322
1715209431005 0.68036 323
1715209473257 0.67897 324
1715209516714 0.67827 325
1715209558850 0.67689 326
1715209602218 0.67748 327
1715209644884 0.67598 328
1715209686638 0.67602 329
1715209728900 0.67414 330
1715209771994 0.67476 331
1715209814901 0.67589 332
1715209855117 0.67701 333
1715209895989 0.67619 334
1715209937758 0.67442 335
1715209981423 0.67326 336
1715210022545 0.67219 337
1715210062844 0.67189 338
1715210103225 0.67313 339
1715210144326 0.67549 340
1715210186342 0.67625 341
1715210226768 0.67771 342
1715210267945 0.6773 343
1715210309117 0.67679 344
1715210352527 0.67549 345
1715210396484 0.67588 346
1715210438514 0.67449 347
1715210481650 0.67441 348
1715210523125 0.67548 349
1715210565002 0.67762 350
1715210607435 0.67739 351
1715210650331 0.67749 352
1715210692624 0.67744 353
1715210736316 0.67856 354
1715210780731 0.67726 355
1715210822335 0.67626 356
1715210866051 0.67828 357
1715210910379 0.67584 358
1715210952465 0.67606 359
1715210994534 0.67806 360
1715211038805 0.67963 361
1715211081798 0.67929 362
1715211123991 0.67828 363
1715211166478 0.6792 364
1715211209341 0.67935 365
1715211251675 0.67813 366
1715211294562 0.67709 367
1715211336002 0.6802 368
1715211377533 0.679 369
1715211418312 0.6797 370
1715211459349 0.68012 371
1715211501984 0.6817 372
1715211546539 0.68176 373
1715211611532 0.68158 374
1715211653188 0.68155 375
1715211694401 0.67963 376
1715211736646 0.67683 377
1715211778812 0.67667 378
1715211821095 0.6759 379
1715211862319 0.67665 380
1715211904866 0.6763 381
1715211947443 0.677 382
1715211990032 0.67677 383
1715212031044 0.67637 384
1715212073532 0.67648 385
1715212116084 0.67751 386
1715212158780 0.67863 387
1715212202199 0.67887 388
1715212244233 0.67852 389
1715212285878 0.6778 390
1715212327578 0.67789 391
1715212370982 0.67747 392
1715212426577 0.67926 393
1715212481724 0.67902 394
1715212522087 0.67872 395
1715212563265 0.67791 396
1715212607288 0.6777 397
1715212648557 0.67786 398
1715212691907 0.67867 399
1715212735692 0.67924 400
1715212776562 0.67949 401
1715212817428 0.68095 402
1715212859531 0.68176 403
1715212901708 0.68088 404
1715212941904 0.6803 405
1715212982993 0.67995 406
1715213024896 0.67986 407
1715213068016 0.67975 408
1715213111426 0.68009 409
1715213154457 0.68165 410
1715213196870 0.68077 411
1715213239773 0.67975 412
1715213281907 0.67948 413
1715213324150 0.67974 414
1715213368209 0.67993 415
1715213411100 0.68012 416
1715213460822 0.67947 417
1715213502827 0.67916 418
1715213543998 0.67963 419
1715213590632 0.67994 420
1715213633995 0.67884 421
1715213677986 0.67859 422
1715213720788 0.67934 423
1715213761578 0.6781 424
1715213805660 0.67797 425
1715213849146 0.67936 426
1715213893782 0.67935 427
1715213935750 0.67901 428
1715213978404 0.67893 429
1715214021114 0.67712 430
1715214064950 0.67627 431
1715214108249 0.67626 432
1715214149007 0.67796 433
1715214189672 0.67708 434
1715214230137 0.67626 435
1715214271264 0.67636 436
1715214313324 0.676 437
1715214355756 0.67551 438
1715214396748 0.67632 439
1715214439261 0.67685 440
1715214480595 0.6771 441
1715214522482 0.67699 442
1715214564998 0.67639 443
1715214606771 0.67683 444
1715214648306 0.67654 445
1715214689914 0.67656 446
1715214730822 0.67665 447
1715214772188 0.67637 448
1715214813372 0.67724 449
1715214855455 0.6776 450
1715214898030 0.67669 451
1715214939359 0.67729 452
1715214981821 0.67708 453
1715215023150 0.67766 454
1715215065906 0.67811 455
1715215108239 0.67776 456
1715215148891 0.67707 457
1715215189580 0.67678 458
1715215231185 0.67586 459
1715215272995 0.6756 460
1715215315131 0.6753 461
1715215357392 0.67627 462
1715215401205 0.67592 463
1715215445413 0.67528 464
1715215486891 0.6756 465
1715215527998 0.67655 466
1715215567881 0.67608 467
1715215615384 0.67594 468
1715215657115 0.67565 469
1715215697840 0.67488 470
1715215738660 0.67515 471
1715215780823 0.67464 472
1715215824691 0.67459 473
1715215866791 0.67418 474
1715215875149 0.6819091425676801 474
