1715195761007 0.35183 0
1715195801553 0.66087 1
1715195842429 0.70573 2
1715195883302 0.55812 3
1715195924252 0.33077 4
1715195964844 0.48292 5
1715196005029 0.43446 6
1715196045988 0.72715 7
1715196087063 0.52787 8
1715196129722 0.60781 9
1715196172767 0.72903 10
1715196215670 0.76386 11
1715196256878 0.54367 12
1715196299625 0.7309 13
1715196342935 0.82341 14
1715196385950 0.76007 15
1715196428738 0.79865 16
1715196470851 0.76563 17
1715196513198 0.79938 18
1715196556732 0.73667 19
1715196600091 0.77587 20
1715196640490 0.81941 21
1715196680382 0.823 22
1715196722447 0.80464 23
1715196763474 0.71947 24
1715196803971 0.7713 25
1715196844996 0.84814 26
1715196887409 0.82389 27
1715196929861 0.85364 28
1715196969974 0.83355 29
1715197010501 0.82802 30
1715197051032 0.84748 31
1715197091465 0.85224 32
1715197133178 0.84728 33
1715197176168 0.86714 34
1715197218364 0.85732 35
1715197259190 0.82164 36
1715197299865 0.80578 37
1715197340694 0.87142 38
1715197381979 0.87043 39
1715197422850 0.87985 40
1715197465698 0.85102 41
1715197508786 0.87609 42
1715197551798 0.88442 43
1715197592838 0.87654 44
1715197636435 0.8598 45
1715197679879 0.87365 46
1715197723757 0.87434 47
1715197766871 0.8502 48
1715197808934 0.87752 49
1715197849356 0.86893 50
1715197890040 0.8759 51
1715197932436 0.87101 52
1715197973452 0.86362 53
1715198015499 0.89182 54
1715198059188 0.88438 55
1715198100154 0.88394 56
1715198142751 0.86728 57
1715198183325 0.85627 58
1715198226011 0.84855 59
1715198270058 0.87739 60
1715198312099 0.88583 61
1715198353705 0.83049 62
1715198396013 0.8713 63
1715198438308 0.87999 64
1715198478930 0.88161 65
1715198519388 0.88272 66
1715198560942 0.87479 67
1715198603974 0.88305 68
1715198645111 0.90036 69
1715198685862 0.88802 70
1715198727072 0.88664 71
1715198770266 0.88962 72
1715198810598 0.90521 73
1715198851735 0.88734 74
1715198893443 0.88318 75
1715198935588 0.88771 76
1715198977417 0.89611 77
1715199019706 0.89662 78
1715199062827 0.8918 79
1715199105780 0.89888 80
1715199148314 0.90194 81
1715199190710 0.88682 82
1715199232201 0.89856 83
1715199275233 0.90162 84
1715199315674 0.902 85
1715199355503 0.88882 86
1715199396769 0.89115 87
1715199437674 0.90818 88
1715199478300 0.90821 89
1715199519138 0.90399 90
1715199559899 0.89641 91
1715199601227 0.90579 92
1715199643045 0.90384 93
1715199683701 0.88211 94
1715199725862 0.90318 95
1715199767996 0.89506 96
1715199808885 0.90551 97
1715199851221 0.89298 98
1715199894078 0.88022 99
1715199937442 0.89148 100
1715199979963 0.91023 101
1715200022487 0.91376 102
1715200062222 0.89322 103
1715200103896 0.90335 104
1715200145894 0.90589 105
1715200186264 0.90291 106
1715200227771 0.90969 107
1715200270291 0.89288 108
1715200313958 0.89528 109
1715200357714 0.91634 110
1715200401422 0.90413 111
1715200441841 0.91195 112
1715200485575 0.90979 113
1715200529195 0.9129 114
1715200572057 0.90092 115
1715200614368 0.91232 116
1715200655074 0.9125 117
1715200695783 0.91296 118
1715200737537 0.90992 119
1715200781058 0.89696 120
1715200821836 0.91156 121
1715200862486 0.91032 122
1715200904096 0.91152 123
1715200946881 0.90602 124
1715200988791 0.90833 125
1715201030922 0.90357 126
1715201074093 0.91052 127
1715201117628 0.91711 128
1715201158047 0.91028 129
1715201198990 0.90923 130
1715201241236 0.90994 131
1715201284225 0.89502 132
1715201325667 0.91259 133
1715201366673 0.91472 134
1715201408764 0.92183 135
1715201452618 0.91109 136
1715201494710 0.91679 137
1715201536924 0.90597 138
1715201578004 0.92021 139
1715201622169 0.91033 140
1715201663268 0.91997 141
1715201705575 0.91142 142
1715201748354 0.91778 143
1715201791970 0.91939 144
1715201834399 0.91078 145
1715201876972 0.91505 146
1715201918138 0.92158 147
1715201961316 0.91386 148
1715202004033 0.89956 149
1715202045087 0.91303 150
1715202085945 0.88911 151
1715202129446 0.90741 152
1715202171867 0.91516 153
1715202214805 0.91463 154
1715202258833 0.90853 155
1715202301345 0.91428 156
1715202342954 0.91506 157
1715202384532 0.91591 158
1715202426702 0.91514 159
1715202469618 0.91414 160
1715202512150 0.91694 161
1715202554113 0.913 162
1715202594955 0.91769 163
1715202637301 0.92376 164
1715202679017 0.91257 165
1715202719696 0.92235 166
1715202763048 0.91828 167
1715202805523 0.91663 168
1715202847820 0.91748 169
1715202890025 0.92766 170
1715202933092 0.92049 171
1715202975808 0.9229 172
1715203019402 0.9216 173
1715203061759 0.91973 174
1715203105111 0.91867 175
1715203148050 0.91968 176
1715203189725 0.92024 177
1715203230786 0.92174 178
1715203278481 0.92081 179
1715203321797 0.92387 180
1715203365201 0.92308 181
1715203407550 0.91943 182
1715203449052 0.92147 183
1715203493211 0.92323 184
1715203533626 0.92227 185
1715203575727 0.92329 186
1715203618241 0.91882 187
1715203663102 0.9269 188
1715203706942 0.91744 189
1715203750792 0.91358 190
1715203793439 0.91717 191
1715203835334 0.91305 192
1715203879264 0.91807 193
1715203922912 0.92923 194
1715203966873 0.92503 195
1715204009065 0.90761 196
1715204053123 0.91763 197
1715204097480 0.92617 198
1715204142355 0.91917 199
1715204185869 0.92234 200
1715204236869 0.92099 201
1715204279624 0.92791 202
1715204323344 0.91643 203
1715204375907 0.91806 204
1715204418181 0.92152 205
1715204460003 0.92406 206
1715204504679 0.92244 207
1715204547413 0.92583 208
1715204588319 0.92532 209
1715204628695 0.91945 210
1715204670168 0.92438 211
1715204713977 0.92369 212
1715204754999 0.92868 213
1715204796226 0.92475 214
1715204838379 0.92027 215
1715204881269 0.9185 216
1715204923103 0.92001 217
1715204965338 0.92284 218
1715205007218 0.92966 219
1715205048481 0.92547 220
1715205092491 0.92903 221
1715205135976 0.92668 222
1715205180153 0.92839 223
1715205224374 0.93197 224
1715205265960 0.92528 225
1715205306878 0.92746 226
1715205350125 0.92163 227
1715205392699 0.92451 228
1715205435836 0.92359 229
1715205478670 0.9251 230
1715205522218 0.92407 231
1715205563817 0.93024 232
1715205604744 0.92683 233
1715205649497 0.92548 234
1715205691168 0.92775 235
1715205733491 0.92788 236
1715205777736 0.93046 237
1715205822108 0.93195 238
1715205865411 0.92926 239
1715205910324 0.93575 240
1715205954038 0.933 241
1715205995849 0.92533 242
1715206037966 0.92186 243
1715206088977 0.91965 244
1715206129503 0.926 245
1715206170521 0.93031 246
1715206211351 0.93011 247
1715206254034 0.92896 248
1715206297656 0.92881 249
1715206339574 0.931 250
1715206381383 0.93415 251
1715206424665 0.9279 252
1715206471933 0.92544 253
1715206513388 0.92264 254
1715206554023 0.93007 255
1715206596724 0.92826 256
1715206639572 0.92663 257
1715206682744 0.92586 258
1715206726988 0.92468 259
1715206768817 0.92555 260
1715206811607 0.92935 261
1715206853331 0.92966 262
1715206896814 0.93232 263
1715206939831 0.92756 264
1715206983418 0.92976 265
1715207025474 0.92792 266
1715207068000 0.92916 267
1715207111084 0.9298 268
1715207152821 0.92989 269
1715207193833 0.93009 270
1715207236192 0.92857 271
1715207278109 0.92764 272
1715207320816 0.92635 273
1715207363775 0.92775 274
1715207407295 0.93113 275
1715207447983 0.93219 276
1715207490680 0.93113 277
1715207534224 0.92855 278
1715207578345 0.92367 279
1715207621062 0.92214 280
1715207662876 0.92789 281
1715207705516 0.92973 282
1715207748445 0.92962 283
1715207791400 0.92592 284
1715207832795 0.92951 285
1715207874443 0.9305 286
1715207916565 0.93356 287
1715207959302 0.93088 288
1715208000864 0.92916 289
1715208042748 0.92784 290
1715208085962 0.9277 291
1715208129373 0.92659 292
1715208171958 0.92788 293
1715208212429 0.93015 294
1715208255232 0.93276 295
1715208297920 0.92985 296
1715208339841 0.93104 297
1715208380919 0.93009 298
1715208423301 0.9306 299
1715208466066 0.93109 300
1715208509891 0.93111 301
1715208552434 0.93543 302
1715208595500 0.935 303
1715208636697 0.9334 304
1715208679126 0.93228 305
1715208720175 0.93232 306
1715208762545 0.93434 307
1715208804926 0.93574 308
1715208846696 0.93335 309
1715208888346 0.93385 310
1715208930658 0.93408 311
1715208972435 0.93405 312
1715209014294 0.93361 313
1715209056319 0.93477 314
1715209097972 0.93412 315
1715209141280 0.93314 316
1715209181698 0.9323 317
1715209222821 0.93307 318
1715209266266 0.93422 319
1715209308631 0.93377 320
1715209349041 0.93521 321
1715209389740 0.93521 322
1715209431005 0.93488 323
1715209473257 0.93493 324
1715209516714 0.93464 325
1715209558850 0.93528 326
1715209602218 0.93592 327
1715209644884 0.93343 328
1715209686638 0.93411 329
1715209728900 0.93185 330
1715209771994 0.93091 331
1715209814901 0.93145 332
1715209855117 0.93211 333
1715209895989 0.93212 334
1715209937758 0.93129 335
1715209981423 0.92944 336
1715210022545 0.92878 337
1715210062844 0.92573 338
1715210103225 0.92941 339
1715210144326 0.93006 340
1715210186342 0.93089 341
1715210226768 0.93391 342
1715210267945 0.93225 343
1715210309117 0.93326 344
1715210352527 0.93222 345
1715210396484 0.93257 346
1715210438514 0.93172 347
1715210481650 0.93174 348
1715210523125 0.93299 349
1715210565002 0.93377 350
1715210607435 0.93451 351
1715210650331 0.9345 352
1715210692624 0.93451 353
1715210736316 0.93422 354
1715210780731 0.93407 355
1715210822335 0.93308 356
1715210866051 0.93294 357
1715210910379 0.93307 358
1715210952465 0.93243 359
1715210994534 0.93306 360
1715211038805 0.93448 361
1715211081798 0.93313 362
1715211123991 0.93321 363
1715211166478 0.93302 364
1715211209341 0.932 365
1715211251675 0.93207 366
1715211294562 0.93253 367
1715211336002 0.93356 368
1715211377533 0.93241 369
1715211418312 0.93259 370
1715211459349 0.93386 371
1715211501984 0.9343 372
1715211546539 0.93423 373
1715211611532 0.93587 374
1715211653188 0.93559 375
1715211694401 0.93481 376
1715211736646 0.93388 377
1715211778812 0.93382 378
1715211821095 0.93358 379
1715211862319 0.93367 380
1715211904866 0.93309 381
1715211947443 0.93155 382
1715211990032 0.93166 383
1715212031044 0.93114 384
1715212073532 0.93139 385
1715212116084 0.93169 386
1715212158780 0.93295 387
1715212202199 0.93252 388
1715212244233 0.93276 389
1715212285878 0.93305 390
1715212327578 0.93234 391
1715212370982 0.93273 392
1715212426577 0.93353 393
1715212481724 0.93286 394
1715212522087 0.93314 395
1715212563265 0.93236 396
1715212607288 0.93164 397
1715212648557 0.93158 398
1715212691907 0.93201 399
1715212735692 0.93268 400
1715212776562 0.93244 401
1715212817428 0.93218 402
1715212859531 0.9315 403
1715212901708 0.93089 404
1715212941904 0.93187 405
1715212982993 0.9318 406
1715213024896 0.9305 407
1715213068016 0.93046 408
1715213111426 0.93053 409
1715213154457 0.9311 410
1715213196870 0.93059 411
1715213239773 0.93082 412
1715213281907 0.92903 413
1715213324150 0.92981 414
1715213368209 0.9287 415
1715213411100 0.92913 416
1715213460822 0.9296 417
1715213502827 0.92913 418
1715213543998 0.92963 419
1715213590632 0.92794 420
1715213633995 0.9293 421
1715213677986 0.92955 422
1715213720788 0.92984 423
1715213761578 0.93024 424
1715213805660 0.93082 425
1715213849146 0.93028 426
1715213893782 0.93032 427
1715213935750 0.9306 428
1715213978404 0.93055 429
1715214021114 0.92995 430
1715214064950 0.9297 431
1715214108249 0.93029 432
1715214149007 0.93133 433
1715214189672 0.93104 434
1715214230137 0.9316 435
1715214271264 0.93155 436
1715214313324 0.93168 437
1715214355756 0.9313 438
1715214396748 0.93155 439
1715214439261 0.93178 440
1715214480595 0.93162 441
1715214522482 0.93127 442
1715214564998 0.93108 443
1715214606771 0.93128 444
1715214648306 0.93161 445
1715214689914 0.9302 446
1715214730822 0.93029 447
1715214772188 0.93087 448
1715214813372 0.93088 449
1715214855455 0.93072 450
1715214898030 0.93129 451
1715214939359 0.93158 452
1715214981821 0.93154 453
1715215023150 0.93171 454
1715215065906 0.93158 455
1715215108239 0.93172 456
1715215148891 0.93011 457
1715215189580 0.93014 458
1715215231185 0.93155 459
1715215272995 0.93097 460
1715215315131 0.93 461
1715215357392 0.92988 462
1715215401205 0.93114 463
1715215445413 0.92978 464
1715215486891 0.9305 465
1715215527998 0.93079 466
1715215567881 0.9302 467
1715215615384 0.92989 468
1715215657115 0.92992 469
1715215697840 0.93081 470
1715215738660 0.93061 471
1715215780823 0.9305 472
1715215824691 0.93026 473
1715215866791 0.93017 474
1715215875149 0.9359368246681663 474
