1715195761007 0.00673 0
1715195801553 0.87871 1
1715195842429 0.85109 2
1715195883302 0.58337 3
1715195924252 0.40869 4
1715195964844 0.54182 5
1715196005029 0.56966 6
1715196045988 0.7747 7
1715196087063 0.6174 8
1715196129722 0.66848 9
1715196172767 0.76853 10
1715196215670 0.79142 11
1715196256878 0.68598 12
1715196299625 0.77392 13
1715196342935 0.82232 14
1715196385950 0.76056 15
1715196428738 0.8257 16
1715196470851 0.80102 17
1715196513198 0.80759 18
1715196556732 0.80741 19
1715196600091 0.82689 20
1715196640490 0.77902 21
1715196680382 0.80646 22
1715196722447 0.8078 23
1715196763474 0.79639 24
1715196803971 0.82973 25
1715196844996 0.84704 26
1715196887409 0.84542 27
1715196929861 0.85134 28
1715196969974 0.85098 29
1715197010501 0.88336 30
1715197051032 0.86891 31
1715197091465 0.88556 32
1715197133178 0.78904 33
1715197176168 0.87315 34
1715197218364 0.87664 35
1715197259190 0.84878 36
1715197299865 0.84948 37
1715197340694 0.85591 38
1715197381979 0.87021 39
1715197422850 0.87772 40
1715197465698 0.83784 41
1715197508786 0.87598 42
1715197551798 0.87078 43
1715197592838 0.87688 44
1715197636435 0.86559 45
1715197679879 0.86327 46
1715197723757 0.89055 47
1715197766871 0.86819 48
1715197808934 0.87411 49
1715197849356 0.87238 50
1715197890040 0.86069 51
1715197932436 0.83518 52
1715197973452 0.87934 53
1715198015499 0.88429 54
1715198059188 0.85887 55
1715198100154 0.85557 56
1715198142751 0.87861 57
1715198183325 0.84414 58
1715198226011 0.89427 59
1715198270058 0.8801 60
1715198312099 0.89192 61
1715198353705 0.89212 62
1715198396013 0.8733 63
1715198438308 0.86519 64
1715198478930 0.87498 65
1715198519388 0.86059 66
1715198560942 0.88245 67
1715198603974 0.86433 68
1715198645111 0.88979 69
1715198685862 0.87371 70
1715198727072 0.89637 71
1715198770266 0.87896 72
1715198810598 0.87078 73
1715198851735 0.88742 74
1715198893443 0.87571 75
1715198935588 0.89172 76
1715198977417 0.8928 77
1715199019706 0.89288 78
1715199062827 0.88569 79
1715199105780 0.88771 80
1715199148314 0.88475 81
1715199190710 0.85477 82
1715199232201 0.89241 83
1715199275233 0.89636 84
1715199315674 0.89743 85
1715199355503 0.88656 86
1715199396769 0.90117 87
1715199437674 0.89089 88
1715199478300 0.89034 89
1715199519138 0.89498 90
1715199559899 0.87631 91
1715199601227 0.90638 92
1715199643045 0.87101 93
1715199683701 0.86736 94
1715199725862 0.89512 95
1715199767996 0.88492 96
1715199808885 0.90788 97
1715199851221 0.89457 98
1715199894078 0.90488 99
1715199937442 0.89291 100
1715199979963 0.88746 101
1715200022487 0.89364 102
1715200062222 0.88848 103
1715200103896 0.89633 104
1715200145894 0.89993 105
1715200186264 0.92025 106
1715200227771 0.90364 107
1715200270291 0.88275 108
1715200313958 0.88769 109
1715200357714 0.90363 110
1715200401422 0.88335 111
1715200441841 0.92203 112
1715200485575 0.91464 113
1715200529195 0.89198 114
1715200572057 0.89318 115
1715200614368 0.90199 116
1715200655074 0.88714 117
1715200695783 0.91258 118
1715200737537 0.89272 119
1715200781058 0.90213 120
1715200821836 0.8934 121
1715200862486 0.88103 122
1715200904096 0.91252 123
1715200946881 0.90647 124
1715200988791 0.90323 125
1715201030922 0.90223 126
1715201074093 0.91063 127
1715201117628 0.91316 128
1715201158047 0.90871 129
1715201198990 0.89886 130
1715201241236 0.90084 131
1715201284225 0.90553 132
1715201325667 0.89756 133
1715201366673 0.90497 134
1715201408764 0.88072 135
1715201452618 0.90236 136
1715201494710 0.90391 137
1715201536924 0.89351 138
1715201578004 0.89257 139
1715201622169 0.89814 140
1715201663268 0.90954 141
1715201705575 0.90998 142
1715201748354 0.89537 143
1715201791970 0.91555 144
1715201834399 0.92348 145
1715201876972 0.93453 146
1715201918138 0.89139 147
1715201961316 0.89952 148
1715202004033 0.914 149
1715202045087 0.88546 150
1715202085945 0.90113 151
1715202129446 0.89004 152
1715202171867 0.9195 153
1715202214805 0.91527 154
1715202258833 0.89321 155
1715202301345 0.90261 156
1715202342954 0.90223 157
1715202384532 0.91365 158
1715202426702 0.90404 159
1715202469618 0.90993 160
1715202512150 0.89513 161
1715202554113 0.92763 162
1715202594955 0.8968 163
1715202637301 0.91343 164
1715202679017 0.90802 165
1715202719696 0.92356 166
1715202763048 0.92058 167
1715202805523 0.91726 168
1715202847820 0.90451 169
1715202890025 0.90325 170
1715202933092 0.8958 171
1715202975808 0.91587 172
1715203019402 0.91716 173
1715203061759 0.91317 174
1715203105111 0.90121 175
1715203148050 0.91386 176
1715203189725 0.89981 177
1715203230786 0.91309 178
1715203278481 0.90997 179
1715203321797 0.9132 180
1715203365201 0.9116 181
1715203407550 0.90704 182
1715203449052 0.9326 183
1715203493211 0.91998 184
1715203533626 0.90833 185
1715203575727 0.90589 186
1715203618241 0.90971 187
1715203663102 0.91668 188
1715203706942 0.89579 189
1715203750792 0.90352 190
1715203793439 0.91196 191
1715203835334 0.89321 192
1715203879264 0.91629 193
1715203922912 0.91476 194
1715203966873 0.89705 195
1715204009065 0.89742 196
1715204053123 0.9277 197
1715204097480 0.92183 198
1715204142355 0.90738 199
1715204185869 0.91783 200
1715204236869 0.92655 201
1715204279624 0.91668 202
1715204323344 0.92572 203
1715204375907 0.92201 204
1715204418181 0.91113 205
1715204460003 0.93579 206
1715204504679 0.89979 207
1715204547413 0.92472 208
1715204588319 0.91271 209
1715204628695 0.91937 210
1715204670168 0.92208 211
1715204713977 0.92944 212
1715204754999 0.92864 213
1715204796226 0.91521 214
1715204838379 0.91639 215
1715204881269 0.92577 216
1715204923103 0.92071 217
1715204965338 0.91081 218
1715205007218 0.93355 219
1715205048481 0.91666 220
1715205092491 0.93035 221
1715205135976 0.92923 222
1715205180153 0.93524 223
1715205224374 0.92908 224
1715205265960 0.91779 225
1715205306878 0.94116 226
1715205350125 0.93603 227
1715205392699 0.93703 228
1715205435836 0.90752 229
1715205478670 0.91744 230
1715205522218 0.92889 231
1715205563817 0.90901 232
1715205604744 0.92161 233
1715205649497 0.92742 234
1715205691168 0.91906 235
1715205733491 0.92836 236
1715205777736 0.91632 237
1715205822108 0.92924 238
1715205865411 0.90258 239
1715205910324 0.92856 240
1715205954038 0.9375 241
1715205995849 0.92043 242
1715206037966 0.91502 243
1715206088977 0.92527 244
1715206129503 0.93909 245
1715206170521 0.92751 246
1715206211351 0.91976 247
1715206254034 0.91699 248
1715206297656 0.9188 249
1715206339574 0.93305 250
1715206381383 0.93248 251
1715206424665 0.93244 252
1715206471933 0.93416 253
1715206513388 0.9284 254
1715206554023 0.92398 255
1715206596724 0.92483 256
1715206639572 0.90269 257
1715206682744 0.92669 258
1715206726988 0.9182 259
1715206768817 0.92566 260
1715206811607 0.92108 261
1715206853331 0.91653 262
1715206896814 0.91989 263
1715206939831 0.92844 264
1715206983418 0.9214 265
1715207025474 0.92639 266
1715207068000 0.92263 267
1715207111084 0.92467 268
1715207152821 0.91156 269
1715207193833 0.92111 270
1715207236192 0.90965 271
1715207278109 0.9213 272
1715207320816 0.9256 273
1715207363775 0.92567 274
1715207407295 0.91539 275
1715207447983 0.90851 276
1715207490680 0.92225 277
1715207534224 0.91949 278
1715207578345 0.91646 279
1715207621062 0.91197 280
1715207662876 0.91139 281
1715207705516 0.92 282
1715207748445 0.92112 283
1715207791400 0.91867 284
1715207832795 0.91024 285
1715207874443 0.92545 286
1715207916565 0.93312 287
1715207959302 0.92087 288
1715208000864 0.91794 289
1715208042748 0.90647 290
1715208085962 0.91097 291
1715208129373 0.91566 292
1715208171958 0.9331 293
1715208212429 0.92451 294
1715208255232 0.92113 295
1715208297920 0.92669 296
1715208339841 0.93652 297
1715208380919 0.92402 298
1715208423301 0.92748 299
1715208466066 0.93094 300
1715208509891 0.92181 301
1715208552434 0.93148 302
1715208595500 0.92518 303
1715208636697 0.925 304
1715208679126 0.92208 305
1715208720175 0.92125 306
1715208762545 0.93497 307
1715208804926 0.92396 308
1715208846696 0.92839 309
1715208888346 0.92974 310
1715208930658 0.93003 311
1715208972435 0.92389 312
1715209014294 0.92875 313
1715209056319 0.92348 314
1715209097972 0.92863 315
1715209141280 0.928 316
1715209181698 0.92355 317
1715209222821 0.92891 318
1715209266266 0.92851 319
1715209308631 0.93109 320
1715209349041 0.93433 321
1715209389740 0.93325 322
1715209431005 0.93621 323
1715209473257 0.9363 324
1715209516714 0.93732 325
1715209558850 0.92518 326
1715209602218 0.92698 327
1715209644884 0.93163 328
1715209686638 0.93054 329
1715209728900 0.93172 330
1715209771994 0.93053 331
1715209814901 0.91664 332
1715209855117 0.92985 333
1715209895989 0.92507 334
1715209937758 0.91525 335
1715209981423 0.92322 336
1715210022545 0.92213 337
1715210062844 0.92478 338
1715210103225 0.92397 339
1715210144326 0.92295 340
1715210186342 0.92045 341
1715210226768 0.92084 342
1715210267945 0.92093 343
1715210309117 0.92794 344
1715210352527 0.93143 345
1715210396484 0.92791 346
1715210438514 0.93013 347
1715210481650 0.93228 348
1715210523125 0.92892 349
1715210565002 0.93077 350
1715210607435 0.93464 351
1715210650331 0.93556 352
1715210692624 0.93304 353
1715210736316 0.93387 354
1715210780731 0.92763 355
1715210822335 0.91984 356
1715210866051 0.93158 357
1715210910379 0.92493 358
1715210952465 0.92866 359
1715210994534 0.93799 360
1715211038805 0.93697 361
1715211081798 0.9389 362
1715211123991 0.93358 363
1715211166478 0.92592 364
1715211209341 0.93071 365
1715211251675 0.91971 366
1715211294562 0.93052 367
1715211336002 0.92902 368
1715211377533 0.91169 369
1715211418312 0.92313 370
1715211459349 0.91519 371
1715211501984 0.92447 372
1715211546539 0.93125 373
1715211611532 0.93066 374
1715211653188 0.92951 375
1715211694401 0.93206 376
1715211736646 0.93452 377
1715211778812 0.93097 378
1715211821095 0.9297 379
1715211862319 0.92861 380
1715211904866 0.92925 381
1715211947443 0.92813 382
1715211990032 0.93003 383
1715212031044 0.93263 384
1715212073532 0.92634 385
1715212116084 0.91963 386
1715212158780 0.9284 387
1715212202199 0.92084 388
1715212244233 0.93133 389
1715212285878 0.93282 390
1715212327578 0.93246 391
1715212370982 0.9344 392
1715212426577 0.93296 393
1715212481724 0.93019 394
1715212522087 0.92991 395
1715212563265 0.91792 396
1715212607288 0.9248 397
1715212648557 0.92288 398
1715212691907 0.91999 399
1715212735692 0.92132 400
1715212776562 0.922 401
1715212817428 0.92164 402
1715212859531 0.92051 403
1715212901708 0.91982 404
1715212941904 0.93507 405
1715212982993 0.9313 406
1715213024896 0.92471 407
1715213068016 0.92775 408
1715213111426 0.92606 409
1715213154457 0.92294 410
1715213196870 0.92697 411
1715213239773 0.92409 412
1715213281907 0.92167 413
1715213324150 0.92327 414
1715213368209 0.92061 415
1715213411100 0.919 416
1715213460822 0.92181 417
1715213502827 0.92369 418
1715213543998 0.926 419
1715213590632 0.92525 420
1715213633995 0.91998 421
1715213677986 0.92203 422
1715213720788 0.93876 423
1715213761578 0.93851 424
1715213805660 0.94636 425
1715213849146 0.94243 426
1715213893782 0.94325 427
1715213935750 0.94375 428
1715213978404 0.94494 429
1715214021114 0.94294 430
1715214064950 0.94362 431
1715214108249 0.94353 432
1715214149007 0.93889 433
1715214189672 0.93704 434
1715214230137 0.93681 435
1715214271264 0.93555 436
1715214313324 0.93584 437
1715214355756 0.93185 438
1715214396748 0.93446 439
1715214439261 0.93153 440
1715214480595 0.93099 441
1715214522482 0.93159 442
1715214564998 0.93153 443
1715214606771 0.92944 444
1715214648306 0.92872 445
1715214689914 0.92647 446
1715214730822 0.92879 447
1715214772188 0.92933 448
1715214813372 0.93164 449
1715214855455 0.93177 450
1715214898030 0.92728 451
1715214939359 0.92368 452
1715214981821 0.93044 453
1715215023150 0.93294 454
1715215065906 0.92746 455
1715215108239 0.92787 456
1715215148891 0.92799 457
1715215189580 0.94034 458
1715215231185 0.93441 459
1715215272995 0.93664 460
1715215315131 0.93731 461
1715215357392 0.933 462
1715215401205 0.93792 463
1715215445413 0.93723 464
1715215486891 0.93777 465
1715215527998 0.93726 466
1715215567881 0.93487 467
1715215615384 0.9301 468
1715215657115 0.93078 469
1715215697840 0.92839 470
1715215738660 0.92857 471
1715215780823 0.93742 472
1715215824691 0.93725 473
1715215866791 0.93658 474
1715215875149 0.9301563045008876 474
