1715195761007 0.95493 0
1715195801553 0.31857 1
1715195842429 0.54934 2
1715195883302 0.52765 3
1715195924252 0.3885 4
1715195964844 0.47872 5
1715196005029 0.43357 6
1715196045988 0.63589 7
1715196087063 0.49903 8
1715196129722 0.56716 9
1715196172767 0.64646 10
1715196215670 0.68454 11
1715196256878 0.46232 12
1715196299625 0.66496 13
1715196342935 0.74903 14
1715196385950 0.69846 15
1715196428738 0.71717 16
1715196470851 0.66938 17
1715196513198 0.72727 18
1715196556732 0.62549 19
1715196600091 0.69407 20
1715196640490 0.76457 21
1715196680382 0.74048 22
1715196722447 0.74457 23
1715196763474 0.6317 24
1715196803971 0.68376 25
1715196844996 0.78313 26
1715196887409 0.72805 27
1715196929861 0.78399 28
1715196969974 0.75136 29
1715197010501 0.71018 30
1715197051032 0.73349 31
1715197091465 0.75058 32
1715197133178 0.79049 33
1715197176168 0.78624 34
1715197218364 0.76535 35
1715197259190 0.75291 36
1715197299865 0.74903 37
1715197340694 0.80307 38
1715197381979 0.80186 39
1715197422850 0.79176 40
1715197465698 0.79486 41
1715197508786 0.80123 42
1715197551798 0.82751 43
1715197592838 0.80244 44
1715197636435 0.76224 45
1715197679879 0.80886 46
1715197723757 0.78399 47
1715197766871 0.77545 48
1715197808934 0.80886 49
1715197849356 0.77017 50
1715197890040 0.81128 51
1715197932436 0.82051 52
1715197973452 0.77013 53
1715198015499 0.80963 54
1715198059188 0.81197 55
1715198100154 0.82393 56
1715198142751 0.77045 57
1715198183325 0.78272 58
1715198226011 0.74592 59
1715198270058 0.80421 60
1715198312099 0.81119 61
1715198353705 0.72606 62
1715198396013 0.77156 63
1715198438308 0.81041 64
1715198478930 0.80963 65
1715198519388 0.82207 66
1715198560942 0.79409 67
1715198603974 0.83061 68
1715198645111 0.83061 69
1715198685862 0.81041 70
1715198727072 0.79978 71
1715198770266 0.82673 72
1715198810598 0.8482 73
1715198851735 0.80575 74
1715198893443 0.8244 75
1715198935588 0.81264 76
1715198977417 0.8154 77
1715199019706 0.83061 78
1715199062827 0.80886 79
1715199105780 0.82595 80
1715199148314 0.84305 81
1715199190710 0.8323 82
1715199232201 0.83136 83
1715199275233 0.83329 84
1715199315674 0.82937 85
1715199355503 0.8143 86
1715199396769 0.80765 87
1715199437674 0.83994 88
1715199478300 0.85315 89
1715199519138 0.84093 90
1715199559899 0.83061 91
1715199601227 0.83528 92
1715199643045 0.85315 93
1715199683701 0.82284 94
1715199725862 0.83556 95
1715199767996 0.83049 96
1715199808885 0.84234 97
1715199851221 0.82051 98
1715199894078 0.80342 99
1715199937442 0.8244 100
1715199979963 0.84558 101
1715200022487 0.85237 102
1715200062222 0.82828 103
1715200103896 0.84649 104
1715200145894 0.8446 105
1715200186264 0.81197 106
1715200227771 0.84848 107
1715200270291 0.83072 108
1715200313958 0.84382 109
1715200357714 0.85781 110
1715200401422 0.83605 111
1715200441841 0.84533 112
1715200485575 0.83294 113
1715200529195 0.85315 114
1715200572057 0.82906 115
1715200614368 0.84693 116
1715200655074 0.85392 117
1715200695783 0.83683 118
1715200737537 0.85159 119
1715200781058 0.82364 120
1715200821836 0.84656 121
1715200862486 0.86092 122
1715200904096 0.84149 123
1715200946881 0.83061 124
1715200988791 0.85315 125
1715201030922 0.84538 126
1715201074093 0.84149 127
1715201117628 0.85792 128
1715201158047 0.84693 129
1715201198990 0.84932 130
1715201241236 0.86115 131
1715201284225 0.81818 132
1715201325667 0.84071 133
1715201366673 0.84615 134
1715201408764 0.87776 135
1715201452618 0.84615 136
1715201494710 0.86791 137
1715201536924 0.84102 138
1715201578004 0.87879 139
1715201622169 0.86558 140
1715201663268 0.86718 141
1715201705575 0.84771 142
1715201748354 0.86402 143
1715201791970 0.85075 144
1715201834399 0.81818 145
1715201876972 0.84771 146
1715201918138 0.88423 147
1715201961316 0.86325 148
1715202004033 0.82828 149
1715202045087 0.86636 150
1715202085945 0.80023 151
1715202129446 0.85859 152
1715202171867 0.85703 153
1715202214805 0.8547 154
1715202258833 0.86713 155
1715202301345 0.87859 156
1715202342954 0.87413 157
1715202384532 0.84676 158
1715202426702 0.86636 159
1715202469618 0.85557 160
1715202512150 0.86878 161
1715202554113 0.8466 162
1715202594955 0.87779 163
1715202637301 0.87179 164
1715202679017 0.85137 165
1715202719696 0.85625 166
1715202763048 0.84149 167
1715202805523 0.85781 168
1715202847820 0.86092 169
1715202890025 0.88494 170
1715202933092 0.88345 171
1715202975808 0.87413 172
1715203019402 0.86021 173
1715203061759 0.87335 174
1715203105111 0.87801 175
1715203148050 0.85315 176
1715203189725 0.8819 177
1715203230786 0.85712 178
1715203278481 0.87964 179
1715203321797 0.87102 180
1715203365201 0.87336 181
1715203407550 0.87335 182
1715203449052 0.86011 183
1715203493211 0.86014 184
1715203533626 0.8749 185
1715203575727 0.88252 186
1715203618241 0.86247 187
1715203663102 0.86869 188
1715203706942 0.86558 189
1715203750792 0.87319 190
1715203793439 0.86122 191
1715203835334 0.87179 192
1715203879264 0.85905 193
1715203922912 0.88345 194
1715203966873 0.88656 195
1715204009065 0.86333 196
1715204053123 0.85741 197
1715204097480 0.86127 198
1715204142355 0.87024 199
1715204185869 0.86946 200
1715204236869 0.86014 201
1715204279624 0.8719 202
1715204323344 0.86184 203
1715204375907 0.86352 204
1715204418181 0.87413 205
1715204460003 0.85392 206
1715204504679 0.87646 207
1715204547413 0.859 208
1715204588319 0.87801 209
1715204628695 0.86791 210
1715204670168 0.87024 211
1715204713977 0.86169 212
1715204754999 0.86325 213
1715204796226 0.87228 214
1715204838379 0.8648 215
1715204881269 0.85936 216
1715204923103 0.87024 217
1715204965338 0.86487 218
1715205007218 0.86247 219
1715205048481 0.88021 220
1715205092491 0.86869 221
1715205135976 0.86718 222
1715205180153 0.86407 223
1715205224374 0.87413 224
1715205265960 0.86745 225
1715205306878 0.86636 226
1715205350125 0.86402 227
1715205392699 0.85703 228
1715205435836 0.87689 229
1715205478670 0.88067 230
1715205522218 0.8627 231
1715205563817 0.89269 232
1715205604744 0.87693 233
1715205649497 0.87179 234
1715205691168 0.88221 235
1715205733491 0.87603 236
1715205777736 0.88967 237
1715205822108 0.8819 238
1715205865411 0.88811 239
1715205910324 0.87413 240
1715205954038 0.87335 241
1715205995849 0.88077 242
1715206037966 0.88267 243
1715206088977 0.86578 244
1715206129503 0.86791 245
1715206170521 0.87257 246
1715206211351 0.87956 247
1715206254034 0.87723 248
1715206297656 0.87956 249
1715206339574 0.86636 250
1715206381383 0.87999 251
1715206424665 0.86861 252
1715206471933 0.86946 253
1715206513388 0.85641 254
1715206554023 0.86791 255
1715206596724 0.87413 256
1715206639572 0.88811 257
1715206682744 0.87409 258
1715206726988 0.87801 259
1715206768817 0.87081 260
1715206811607 0.8796 261
1715206853331 0.89122 262
1715206896814 0.89217 263
1715206939831 0.87723 264
1715206983418 0.88347 265
1715207025474 0.87723 266
1715207068000 0.88024 267
1715207111084 0.87568 268
1715207152821 0.892 269
1715207193833 0.88578 270
1715207236192 0.89184 271
1715207278109 0.88233 272
1715207320816 0.86169 273
1715207363775 0.87082 274
1715207407295 0.88578 275
1715207447983 0.88889 276
1715207490680 0.88481 277
1715207534224 0.87851 278
1715207578345 0.87568 279
1715207621062 0.87335 280
1715207662876 0.8871 281
1715207705516 0.8846 282
1715207748445 0.8819 283
1715207791400 0.88423 284
1715207832795 0.88423 285
1715207874443 0.87801 286
1715207916565 0.8819 287
1715207959302 0.87956 288
1715208000864 0.87781 289
1715208042748 0.88859 290
1715208085962 0.88245 291
1715208129373 0.88575 292
1715208171958 0.86869 293
1715208212429 0.87541 294
1715208255232 0.87956 295
1715208297920 0.87723 296
1715208339841 0.87116 297
1715208380919 0.87882 298
1715208423301 0.87801 299
1715208466066 0.87257 300
1715208509891 0.87943 301
1715208552434 0.87179 302
1715208595500 0.87646 303
1715208636697 0.88165 304
1715208679126 0.88034 305
1715208720175 0.8908 306
1715208762545 0.87956 307
1715208804926 0.89122 308
1715208846696 0.88641 309
1715208888346 0.88428 310
1715208930658 0.87723 311
1715208972435 0.88423 312
1715209014294 0.88116 313
1715209056319 0.88149 314
1715209097972 0.87568 315
1715209141280 0.87801 316
1715209181698 0.88423 317
1715209222821 0.87723 318
1715209266266 0.87801 319
1715209308631 0.88112 320
1715209349041 0.87956 321
1715209389740 0.87993 322
1715209431005 0.88345 323
1715209473257 0.87933 324
1715209516714 0.87568 325
1715209558850 0.89353 326
1715209602218 0.88656 327
1715209644884 0.87871 328
1715209686638 0.87443 329
1715209728900 0.87646 330
1715209771994 0.87801 331
1715209814901 0.88578 332
1715209855117 0.87547 333
1715209895989 0.87646 334
1715209937758 0.88345 335
1715209981423 0.87823 336
1715210022545 0.87416 337
1715210062844 0.87413 338
1715210103225 0.87818 339
1715210144326 0.88416 340
1715210186342 0.885 341
1715210226768 0.88576 342
1715210267945 0.88687 343
1715210309117 0.88044 344
1715210352527 0.87879 345
1715210396484 0.88267 346
1715210438514 0.87723 347
1715210481650 0.87568 348
1715210523125 0.88034 349
1715210565002 0.885 350
1715210607435 0.88345 351
1715210650331 0.88267 352
1715210692624 0.88811 353
1715210736316 0.88345 354
1715210780731 0.88645 355
1715210822335 0.89166 356
1715210866051 0.88423 357
1715210910379 0.88889 358
1715210952465 0.89005 359
1715210994534 0.88112 360
1715211038805 0.88267 361
1715211081798 0.88112 362
1715211123991 0.88345 363
1715211166478 0.892 364
1715211209341 0.885 365
1715211251675 0.89977 366
1715211294562 0.88451 367
1715211336002 0.88267 368
1715211377533 0.89838 369
1715211418312 0.892 370
1715211459349 0.89666 371
1715211501984 0.894 372
1715211546539 0.89122 373
1715211611532 0.88889 374
1715211653188 0.89134 375
1715211694401 0.885 376
1715211736646 0.88267 377
1715211778812 0.885 378
1715211821095 0.88656 379
1715211862319 0.88942 380
1715211904866 0.88733 381
1715211947443 0.88733 382
1715211990032 0.88345 383
1715212031044 0.88267 384
1715212073532 0.88656 385
1715212116084 0.89277 386
1715212158780 0.88664 387
1715212202199 0.89483 388
1715212244233 0.88521 389
1715212285878 0.88423 390
1715212327578 0.88345 391
1715212370982 0.88542 392
1715212426577 0.88667 393
1715212481724 0.88656 394
1715212522087 0.88661 395
1715212563265 0.8951 396
1715212607288 0.88864 397
1715212648557 0.89259 398
1715212691907 0.89346 399
1715212735692 0.89167 400
1715212776562 0.89093 401
1715212817428 0.892 402
1715212859531 0.89433 403
1715212901708 0.88967 404
1715212941904 0.87879 405
1715212982993 0.885 406
1715213024896 0.88749 407
1715213068016 0.88578 408
1715213111426 0.88557 409
1715213154457 0.88733 410
1715213196870 0.88267 411
1715213239773 0.88578 412
1715213281907 0.8868 413
1715213324150 0.88811 414
1715213368209 0.88656 415
1715213411100 0.88811 416
1715213460822 0.8885 417
1715213502827 0.88407 418
1715213543998 0.88477 419
1715213590632 0.88488 420
1715213633995 0.88811 421
1715213677986 0.88267 422
1715213720788 0.86947 423
1715213761578 0.86558 424
1715213805660 0.86369 425
1715213849146 0.86487 426
1715213893782 0.86558 427
1715213935750 0.86636 428
1715213978404 0.86684 429
1715214021114 0.86636 430
1715214064950 0.86713 431
1715214108249 0.86636 432
1715214149007 0.87257 433
1715214189672 0.87179 434
1715214230137 0.87413 435
1715214271264 0.87413 436
1715214313324 0.87568 437
1715214355756 0.87646 438
1715214396748 0.87646 439
1715214439261 0.87743 440
1715214480595 0.87801 441
1715214522482 0.8782 442
1715214564998 0.87736 443
1715214606771 0.88019 444
1715214648306 0.88076 445
1715214689914 0.88113 446
1715214730822 0.88163 447
1715214772188 0.87956 448
1715214813372 0.87896 449
1715214855455 0.88065 450
1715214898030 0.88267 451
1715214939359 0.88267 452
1715214981821 0.87801 453
1715215023150 0.87558 454
1715215065906 0.8819 455
1715215108239 0.88345 456
1715215148891 0.87956 457
1715215189580 0.86945 458
1715215231185 0.87449 459
1715215272995 0.87257 460
1715215315131 0.8713 461
1715215357392 0.87642 462
1715215401205 0.8749 463
1715215445413 0.87413 464
1715215486891 0.8749 465
1715215527998 0.87646 466
1715215567881 0.87568 467
1715215615384 0.87881 468
1715215657115 0.87763 469
1715215697840 0.88034 470
1715215738660 0.87881 471
1715215780823 0.87257 472
1715215824691 0.87257 473
1715215866791 0.87204 474
1715215875149 0.889915344460799 474
