1715195751735 0.0026000000000000003 0
1715195794659 0.005289506 1
1715195835194 0.007968320000000001 2
1715195876305 0.009940599999999999 3
1715195917146 0.009940599999999999 4
1715195958287 0.0099208 5
1715195998475 0.009901 6
1715196038625 0.0098812 7
1715196080127 0.009861400000000001 8
1715196121484 0.0098416 9
1715196164490 0.0098218 10
1715196206995 0.009802 11
1715196249794 0.0097822 12
1715196291370 0.009762400000000001 13
1715196334212 0.0097426 14
1715196377168 0.0097228 15
1715196420480 0.009703 16
1715196463162 0.0096832 17
1715196505305 0.0096634 18
1715196547336 0.0096436 19
1715196591419 0.0096238 20
1715196634092 0.009604 21
1715196673897 0.0095842 22
1715196714128 0.009564399999999999 23
1715196757276 0.0095446 24
1715196797442 0.0095248 25
1715196837824 0.009505 26
1715196878781 0.0094852 27
1715196921884 0.009465399999999999 28
1715196963482 0.0094456 29
1715197004009 0.0094258 30
1715197044173 0.009406 31
1715197084952 0.009386199999999999 32
1715197125847 0.009366399999999999 33
1715197167448 0.0093466 34
1715197210416 0.0093268 35
1715197252442 0.009307 36
1715197293102 0.0092872 37
1715197333895 0.0092674 38
1715197374646 0.0092476 39
1715197416439 0.009227800000000001 40
1715197457430 0.009208000000000001 41
1715197500148 0.0091882 42
1715197542997 0.0091684 43
1715197586272 0.0091486 44
1715197627064 0.009128800000000001 45
1715197670597 0.009109 46
1715197713901 0.0090892 47
1715197758249 0.009069400000000002 48
1715197800889 0.0090496 49
1715197842875 0.009029800000000001 50
1715197883173 0.00901 51
1715197924262 0.0089902 52
1715197966763 0.008970400000000002 53
1715198007460 0.0089506 54
1715198049749 0.008930800000000001 55
1715198093951 0.008911 56
1715198134863 0.0088912 57
1715198176752 0.0088714 58
1715198217019 0.008851600000000001 59
1715198260923 0.008831799999999999 60
1715198304450 0.008812 61
1715198346111 0.0087922 62
1715198388084 0.0087724 63
1715198430380 0.008752600000000001 64
1715198472398 0.008732799999999999 65
1715198512856 0.008713 66
1715198553149 0.0086932 67
1715198595730 0.0086734 68
1715198638054 0.008653600000000001 69
1715198679211 0.0086338 70
1715198719711 0.008614 71
1715198761670 0.0085942 72
1715198804242 0.0085744 73
1715198844481 0.0085546 74
1715198885798 0.0085348 75
1715198927922 0.008515 76
1715198969818 0.0084952 77
1715199011475 0.0084754 78
1715199053567 0.0084556 79
1715199097359 0.0084358 80
1715199140219 0.008416 81
1715199182655 0.0083962 82
1715199225158 0.008376399999999999 83
1715199266520 0.0083566 84
1715199309109 0.0083368 85
1715199348932 0.008317 86
1715199389310 0.008297200000000001 87
1715199431077 0.0082774 88
1715199471618 0.0082576 89
1715199512160 0.0082378 90
1715199553082 0.008218000000000001 91
1715199594137 0.008198200000000001 92
1715199635165 0.0081784 93
1715199676974 0.0081586 94
1715199717507 0.0081388 95
1715199760675 0.008119000000000001 96
1715199802242 0.0080992 97
1715199842921 0.0080794 98
1715199885110 0.0080596 99
1715199928462 0.0080398 100
1715199971793 0.008020000000000001 101
1715200014189 0.0080002 102
1715200056109 0.0079804 103
1715200096298 0.0079606 104
1715200138223 0.0079408 105
1715200179798 0.007921000000000001 106
1715200220120 0.0079012 107
1715200262126 0.0078814 108
1715200304746 0.007861600000000002 109
1715200348287 0.0078418 110
1715200391840 0.007822 111
1715200435718 0.0078022000000000005 112
1715200476446 0.007782400000000001 113
1715200519926 0.007762600000000001 114
1715200563721 0.0077428 115
1715200606400 0.007723 116
1715200648537 0.0077032 117
1715200689078 0.007683400000000001 118
1715200729883 0.0076636000000000004 119
1715200772360 0.007643800000000001 120
1715200815263 0.007624 121
1715200855784 0.0076042 122
1715200896503 0.0075844 123
1715200938661 0.0075646 124
1715200981327 0.007544800000000001 125
1715201022732 0.007525 126
1715201065208 0.0075052 127
1715201108933 0.0074854 128
1715201151548 0.0074656 129
1715201192329 0.007445800000000001 130
1715201233129 0.007426 131
1715201275729 0.0074062 132
1715201318794 0.0073863999999999996 133
1715201359521 0.0073666 134
1715201400234 0.0073468000000000006 135
1715201443125 0.007327 136
1715201486994 0.007307200000000001 137
1715201529108 0.0072873999999999994 138
1715201571185 0.0072676 139
1715201614175 0.0072477999999999996 140
1715201656466 0.007228 141
1715201697189 0.0072082000000000005 142
1715201739693 0.007188399999999999 143
1715201783237 0.0071686 144
1715201826286 0.007148799999999999 145
1715201868819 0.007129 146
1715201910914 0.0071092 147
1715201952568 0.0070894 148
1715201995382 0.0070696 149
1715202038095 0.007049799999999999 150
1715202078972 0.00703 151
1715202122489 0.0070102 152
1715202164144 0.0069904 153
1715202207129 0.0069705999999999995 154
1715202249252 0.006950799999999999 155
1715202292935 0.006931 156
1715202335581 0.006911199999999999 157
1715202376949 0.0068914 158
1715202418429 0.0068716 159
1715202461052 0.006851799999999999 160
1715202504059 0.0068319999999999995 161
1715202546182 0.006812199999999999 162
1715202588195 0.0067924 163
1715202629247 0.0067726 164
1715202671372 0.006752799999999999 165
1715202712974 0.006732999999999999 166
1715202753785 0.006713199999999999 167
1715202797390 0.0066933999999999995 168
1715202840065 0.0066736 169
1715202881940 0.0066538 170
1715202924266 0.006633999999999999 171
1715202967454 0.006614199999999999 172
1715203010244 0.0065944 173
1715203053999 0.006574600000000001 174
1715203096011 0.0065548 175
1715203139326 0.006535 176
1715203182227 0.0065152 177
1715203223661 0.0064954 178
1715203269629 0.006475600000000001 179
1715203312951 0.0064558 180
1715203357482 0.006436000000000001 181
1715203400955 0.0064161999999999995 182
1715203441633 0.0063964 183
1715203484526 0.0063766000000000005 184
1715203527125 0.0063568 185
1715203568847 0.006337000000000001 186
1715203609551 0.006317200000000001 187
1715203654193 0.0062974 188
1715203697702 0.0062776 189
1715203741127 0.0062578 190
1715203785027 0.0062380000000000005 191
1715203827830 0.0062182 192
1715203870080 0.0061984 193
1715203913025 0.006178599999999999 194
1715203956930 0.0061588 195
1715204001361 0.006139 196
1715204043743 0.0061192 197
1715204088012 0.0060994000000000005 198
1715204132191 0.006079599999999999 199
1715204177003 0.0060598 200
1715204229552 0.00604 201
1715204272624 0.0060202 202
1715204315029 0.0060004 203
1715204367954 0.005980599999999999 204
1715204410721 0.0059608000000000005 205
1715204452426 0.005941000000000001 206
1715204494548 0.0059212000000000015 207
1715204539413 0.005901400000000001 208
1715204581773 0.005881600000000002 209
1715204622261 0.0058618 210
1715204662884 0.005842000000000001 211
1715204705309 0.0058222000000000005 212
1715204748324 0.005802400000000001 213
1715204789065 0.0057826000000000015 214
1715204830134 0.0057628 215
1715204872914 0.005743000000000001 216
1715204915556 0.0057232 217
1715204957173 0.005703400000000001 218
1715204999352 0.005683600000000001 219
1715205041437 0.005663800000000001 220
1715205083285 0.005644000000000001 221
1715205126919 0.0056242 222
1715205170592 0.005604400000000001 223
1715205215272 0.005584600000000001 224
1715205259413 0.005564800000000001 225
1715205300390 0.0055450000000000004 226
1715205343031 0.0055252 227
1715205384578 0.005505400000000001 228
1715205428191 0.0054856 229
1715205470955 0.005465800000000001 230
1715205514617 0.005446000000000001 231
1715205557107 0.0054262 232
1715205597888 0.0054064000000000004 233
1715205642790 0.0053866 234
1715205684777 0.0053668000000000006 235
1715205725772 0.005347000000000001 236
1715205768419 0.005327200000000001 237
1715205814157 0.0053074 238
1715205855972 0.0052876 239
1715205901273 0.0052678 240
1715205945003 0.005248000000000001 241
1715205988319 0.0052282000000000006 242
1715206030072 0.0052084 243
1715206081106 0.0051886 244
1715206123141 0.0051688 245
1715206163307 0.005149 246
1715206204319 0.0051292 247
1715206246511 0.005109400000000001 248
1715206288481 0.0050896 249
1715206331845 0.0050698 250
1715206373593 0.00505 251
1715206415815 0.0050302 252
1715206465416 0.005010399999999999 253
1715206506113 0.0049906 254
1715206547324 0.0049708 255
1715206588580 0.004951 256
1715206631529 0.0049312 257
1715206674246 0.0049114 258
1715206717018 0.0048916 259
1715206761466 0.0048718 260
1715206803475 0.0048519999999999995 261
1715206846241 0.0048322 262
1715206889859 0.0048124000000000005 263
1715206931145 0.0047926 264
1715206974213 0.0047728 265
1715207017793 0.004753 266
1715207060031 0.0047332 267
1715207102869 0.0047133999999999995 268
1715207145621 0.0046936 269
1715207186869 0.0046738 270
1715207228189 0.004654 271
1715207270478 0.0046342 272
1715207312648 0.004614399999999999 273
1715207355448 0.0045946 274
1715207398363 0.0045747999999999995 275
1715207441371 0.004555 276
1715207481962 0.0045352 277
1715207524938 0.004515399999999999 278
1715207568495 0.0044956 279
1715207612862 0.0044758 280
1715207655297 0.004456 281
1715207697010 0.0044361999999999995 282
1715207739727 0.0044164 283
1715207782928 0.0043966000000000005 284
1715207825183 0.004376800000000001 285
1715207866934 0.004357000000000001 286
1715207908280 0.0043372 287
1715207951269 0.004317400000000001 288
1715207993212 0.0042976 289
1715208034715 0.004277800000000001 290
1715208076793 0.0042580000000000005 291
1715208120648 0.0042382 292
1715208165441 0.004218400000000001 293
1715208205972 0.004198600000000001 294
1715208246232 0.004178800000000001 295
1715208289645 0.004159 296
1715208332194 0.0041392 297
1715208373804 0.0041194000000000005 298
1715208415085 0.0040996 299
1715208457895 0.0040798 300
1715208500660 0.00406 301
1715208544517 0.004040200000000001 302
1715208586446 0.0040204 303
1715208630290 0.0040006 304
1715208671034 0.0039808000000000005 305
1715208713596 0.003961 306
1715208754545 0.003941200000000001 307
1715208796834 0.0039214 308
1715208839210 0.0039016000000000003 309
1715208880732 0.0038818000000000004 310
1715208922512 0.003862 311
1715208965681 0.0038422 312
1715209006665 0.0038224000000000005 313
1715209048557 0.0038026 314
1715209090540 0.0037828000000000002 315
1715209132692 0.0037630000000000003 316
1715209175358 0.0037432 317
1715209215792 0.0037234 318
1715209257092 0.0037036000000000005 319
1715209300328 0.0036838 320
1715209342649 0.003664 321
1715209383363 0.0036442 322
1715209423635 0.0036244 323
1715209465305 0.0036046 324
1715209507478 0.0035847999999999995 325
1715209550910 0.003565 326
1715209593055 0.0035452 327
1715209636519 0.0035253999999999997 328
1715209679066 0.0035055999999999998 329
1715209720987 0.0034858000000000003 330
1715209763046 0.003466 331
1715209806597 0.0034462 332
1715209848755 0.0034263999999999996 333
1715209888868 0.0034065999999999996 334
1715209929871 0.0033867999999999997 335
1715209972265 0.0033669999999999993 336
1715210015613 0.0033472 337
1715210056169 0.0033274 338
1715210096557 0.0033075999999999995 339
1715210137463 0.0032877999999999996 340
1715210179089 0.003268 341
1715210220698 0.0032481999999999997 342
1715210260350 0.0032283999999999998 343
1715210302266 0.0032086 344
1715210343414 0.0031888000000000007 345
1715210387092 0.003169000000000001 346
1715210430433 0.0031492000000000004 347
1715210472922 0.0031294000000000005 348
1715210516121 0.0031096000000000006 349
1715210557122 0.0030898 350
1715210599186 0.0030700000000000007 351
1715210642030 0.0030502000000000007 352
1715210685087 0.0030304000000000004 353
1715210727140 0.0030106000000000004 354
1715210770657 0.002990800000000001 355
1715210814723 0.0029710000000000006 356
1715210856910 0.0029512000000000006 357
1715210901053 0.0029314000000000002 358
1715210944580 0.0029116000000000003 359
1715210986855 0.0028918000000000004 360
1715211029127 0.002872 361
1715211073333 0.0028522000000000005 362
1715211116062 0.0028324000000000005 363
1715211158332 0.0028126 364
1715211201184 0.0027928000000000002 365
1715211243592 0.0027730000000000007 366
1715211285917 0.0027532000000000004 367
1715211328977 0.0027334000000000004 368
1715211370379 0.0027136000000000005 369
1715211411262 0.0026938 370
1715211451989 0.002674 371
1715211493795 0.0026542 372
1715211536751 0.0026344000000000003 373
1715211601620 0.0026146000000000003 374
1715211645219 0.0025948 375
1715211687638 0.002575 376
1715211728545 0.0025551999999999997 377
1715211770717 0.0025353999999999997 378
1715211812706 0.0025156 379
1715211855324 0.0024958 380
1715211896822 0.002476 381
1715211939249 0.0024562 382
1715211981745 0.0024364 383
1715212024379 0.0024166 384
1715212065479 0.0023968 385
1715212108006 0.002377 386
1715212150341 0.0023572 387
1715212193496 0.0023374 388
1715212236754 0.0023176 389
1715212278207 0.0022978 390
1715212319723 0.0022779999999999996 391
1715212363252 0.0022581999999999997 392
1715212419692 0.0022383999999999998 393
1715212475079 0.0022186 394
1715212515804 0.0021988 395
1715212556168 0.002179 396
1715212598059 0.0021591999999999996 397
1715212641428 0.0021393999999999996 398
1715212682501 0.0021195999999999997 399
1715212726978 0.0020997999999999998 400
1715212770015 0.00208 401
1715212810787 0.0020601999999999994 402
1715212851299 0.0020404 403
1715212894183 0.0020205999999999996 404
1715212935430 0.0020007999999999996 405
1715212975983 0.0019809999999999993 406
1715213017110 0.0019611999999999997 407
1715213059542 0.0019414000000000007 408
1715213102337 0.0019216000000000005 409
1715213145937 0.0019018000000000008 410
1715213188059 0.0018820000000000006 411
1715213232971 0.0018622000000000005 412
1715213274317 0.0018424000000000005 413
1715213316470 0.0018226000000000006 414
1715213358421 0.0018028000000000005 415
1715213402709 0.0017830000000000005 416
1715213453072 0.0017632000000000004 417
1715213494981 0.0017434000000000006 418
1715213537231 0.0017236000000000005 419
1715213582904 0.0017038000000000003 420
1715213624876 0.0016840000000000006 421
1715213668286 0.0016642000000000004 422
1715213712059 0.0016444000000000003 423
1715213755104 0.0016246000000000003 424
1715213796503 0.0016048000000000004 425
1715213840056 0.0015850000000000003 426
1715213883775 0.0015652000000000003 427
1715213928182 0.0015454000000000004 428
1715213970393 0.0015256000000000002 429
1715214013081 0.0015058000000000003 430
1715214055464 0.0014860000000000001 431
1715214099157 0.0014662000000000004 432
1715214142549 0.0014464000000000002 433
1715214183163 0.0014266 434
1715214223706 0.0014068000000000004 435
1715214264395 0.0013870000000000002 436
1715214305368 0.0013672 437
1715214347428 0.0013474000000000001 438
1715214389498 0.0013276 439
1715214431160 0.0013078 440
1715214473632 0.001288 441
1715214514853 0.0012682 442
1715214556482 0.0012484 443
1715214599568 0.0012285999999999998 444
1715214640865 0.0012088 445
1715214682321 0.0011889999999999997 446
1715214723828 0.0011691999999999998 447
1715214765320 0.0011493999999999999 448
1715214806287 0.0011295999999999997 449
1715214847422 0.0011097999999999998 450
1715214889799 0.0010899999999999998 451
1715214932731 0.0010701999999999999 452
1715214973809 0.0010503999999999997 453
1715215016032 0.0010305999999999998 454
1715215057235 0.0010107999999999996 455
1715215100689 0.0009909999999999997 456
1715215142500 0.0009711999999999995 457
1715215183051 0.0009513999999999996 458
1715215223703 0.0009315999999999997 459
1715215265368 0.0009117999999999996 460
1715215307589 0.0008919999999999996 461
1715215349848 0.0008721999999999995 462
1715215391954 0.0008523999999999996 463
1715215436080 0.0008325999999999994 464
1715215479712 0.0008127999999999995 465
1715215520954 0.0007929999999999994 466
1715215561714 0.0007731999999999995 467
1715215608445 0.0007533999999999996 468
1715215649152 0.0007335999999999994 469
1715215690755 0.0007138000000000005 470
1715215731546 0.0006940000000000005 471
1715215773199 0.0006742000000000006 472
1715215815311 0.0006544000000000005 473
1715215859031 0.0006346000000000005 474
